#time X Y Z
2014-10-29_05:56:50 7.077684031368037E7 3.0685471771648154E7 1.2723578243880002E8
2014-11-02_19:26:50 7.963931172667095E7 3.4527554539811596E7 1.2062462501216595E8
2014-11-07_08:56:50 8.808086840871723E7 3.8187632734382406E7 1.1319942114903653E8
2014-11-11_22:26:50 9.596576912101832E7 4.160664331582749E7 1.0506674829290962E8
2014-11-16_11:56:50 1.032471811555177E8 4.476377127074605E7 9.627137434211686E7
2014-11-21_01:26:50 1.0987717685135512E8 4.7638029799386844E7 8.686502387986408E7
2014-11-25_14:56:50 1.1580902919706221E8 5.020935985558785E7 7.690011430978741E7
2014-11-30_04:26:50 1.2099863057523668E8 5.2459066108511426E7 6.644082263535208E7
2014-12-04_17:56:50 1.2540905535107192E8 5.4371438584611855E7 5.555905228350735E7
2014-12-09_07:26:50 1.2901372075738193E8 5.593471932491629E7 4.432397158181277E7
2014-12-13_20:56:50 1.3179202369932018E8 5.713948220255378E7 3.2806890946591746E7
2014-12-18_10:26:50 1.3372515213753958E8 5.797738705479236E7 2.107876270158945E7
2014-12-22_23:56:50 1.347963457067102E8 5.844136903779427E7 9208598.96928959
2014-12-27_13:26:50 1.3499355530062956E8 5.852662692416626E7 -2724515.1805930487
2015-01-01_02:56:50 1.3431326017030618E8 5.823191694401502E7 -1.4636925640876902E7
2015-01-05_16:26:50 1.3276236314751217E8 5.755997374943152E7 -2.645155906164386E7
2015-01-10_05:56:50 1.3035515837373039E8 5.651650766544385E7 -3.8091933056643344E7
2015-01-14_19:26:50 1.2710816713336569E8 5.510853138433096E7 -4.9485302027908616E7
2015-01-19_08:56:50 1.2303887963273545E8 5.334384307475249E7 -6.056431477819883E7
2015-01-23_22:26:50 1.1817063307153235E8 5.12329757589449E7 -7.125493163311091E7
2015-01-28_11:56:50 1.1253456488083589E8 4.878969769496937E7 -8.148208842028397E7
2015-02-02_01:26:50 1.0617047782599027E8 4.6030980799082525E7 -9.117992356206924E7
2015-02-06_14:56:50 9.91255103234387E7 4.2976766336674124E7 -1.0028713195195276E8
2015-02-11_04:26:50 9.14473211879048E7 3.964759711897551E7 -1.0874910587153186E8
2015-02-15_17:56:50 8.318217206258206E7 3.60637703734142E7 -1.1651846704016364E8
2015-02-20_07:26:50 7.438130672763257E7 3.2247913440976813E7 -1.2354480101305568E8
2015-02-24_20:56:50 6.510135119809568E7 2.8224834318713162E7 -1.2977944269491708E8
2015-03-01_10:26:50 5.540498922372385E7 2.4021407329396196E7 -1.3518358041551137E8
2015-03-05_23:56:50 4.5360409670912445E7 1.966668220797525E7 -1.3972628576092896E8
2015-03-10_13:26:50 3.5033168462319806E7 1.5188977346994441E7 -1.4338502744343188E8
2015-03-15_02:56:50 2.4485080834437504E7 1.061536158044644E7 -1.4614434610816935E8
2015-03-19_16:26:50 1.3780184261736864E7 5974007.741690385 -1.4798814482657233E8
2015-03-24_05:56:50 2984892.727347155 1293957.2984940792 -1.4890295168387207E8
2015-03-28_19:26:50 -7830550.181950532 -3394642.960418297 -1.4888457440574902E8
2015-04-02_09:56:50 -1.859357110818595E7 -8060855.393776527 -1.4793790857744586E8
2015-04-06_23:26:50 -2.933378434265437E7 -1.2717625042840244E7 -1.4605509737107584E8
2015-04-11_12:56:50 -3.979478418368695E7 -1.72534886678587E7 -1.4328937123574945E8
2015-04-16_02:26:50 -5.001418768645207E7 -2.168434695936443E7 -1.3964558092192155E8
2015-04-20_15:56:50 -5.993217758886169E7 -2.598403670127997E7 -1.351469746293151E8
2015-04-25_05:26:50 -6.948581927056152E7 -3.012558283519654E7 -1.2981963034771469E8
2015-04-29_18:56:50 -7.86137957376714E7 -3.408292268796508E7 -1.2370001135414681E8
2015-05-04_08:26:50 -8.726229317122036E7 -3.783282341125723E7 -1.1683496421201678E8
2015-05-08_21:56:50 -9.538399313453464E7 -4.135446934000382E7 -1.092698247213126E8
2015-05-13_11:26:50 -1.0293585555736046E8 -4.46287925637459E7 -1.0104994506625089E8
2015-05-18_00:56:50 -1.098755969161017E8 -4.7637253181816876E7 -9.222484534163156E7
2015-05-22_14:26:50 -1.1616035614531012E8 -5.0361580635091364E7 -8.284429738979717E7
2015-05-27_03:56:50 -1.2175011394996601E8 -5.2784925861949E7 -7.29662384137031E7
2015-05-31_17:26:50 -1.2661319000274478E8 -5.489364341736644E7 -6.265847964999604E7
2015-06-05_06:56:50 -1.3072590390330972E8 -5.667716330905723E7 -5.198400439015091E7
2015-06-09_20:26:50 -1.3406944335960925E8 -5.812692531145808E7 -4.100370313498798E7
2015-06-14_09:56:50 -1.366268000370826E8 -5.9235373642156035E7 -2.9781826230306104E7
2015-06-18_23:26:50 -1.383807590853257E8 -5.999537155644302E7 -1.8379722572539847E7
2015-06-23_12:56:50 -1.3931758972527343E8 -6.04014440491935E7 -6864916.178265327
2015-06-28_02:26:50 -1.394328719353362E8 -6.045174023523367E7 4686409.614504135
2015-07-02_15:56:50 -1.3872983191772553E8 -6.0147351947040714E7 1.620593931163773E7
2015-07-07_05:26:50 -1.372164850481363E8 -5.949135524814508E7 2.7629372723032437E7
2015-07-11_18:56:50 -1.349038362941043E8 -5.848836302308782E7 3.889058095120578E7
2015-07-16_08:26:50 -1.3180088119037338E8 -5.714263020074332E7 4.993077006641119E7
2015-07-20_21:56:50 -1.2792222030676883E8 -5.546095293528932E7 6.06791882435863E7
2015-07-25_11:26:50 -1.2328966493685563E8 -5.34528196733035E7 7.106985523164171E7
2015-07-30_00:56:50 -1.1793242563832785E8 -5.113057737685433E7 8.104088916111869E7
2015-08-03_14:26:50 -1.1188608682099062E8 -4.850925907497872E7 9.053101738448079E7
2015-08-08_03:56:50 -1.0518589372155832E8 -4.560400188854746E7 9.949009886681856E7
2015-08-12_17:26:50 -9.78655671021886E7 -4.242980919891381E7 1.0786941112533961E8
2015-08-17_06:56:50 -8.996423548661058E7 -3.900411572480235E7 1.156128142333602E8
2015-08-21_20:26:50 -8.152677478253956E7 -3.5346379349234484E7 1.2267007146421109E8
2015-08-26_09:56:50 -7.260454116239111E7 -3.1478530686603285E7 1.2899672537252785E8
2015-08-30_23:26:50 -6.32543763826226E7 -2.7424823096694835E7 1.3455185447589922E8
2015-09-04_12:56:50 -5.353130344072965E7 -2.3208974175939392E7 1.3930597108918726E8
2015-09-09_02:26:50 -4.3487824461544365E7 -1.8854146206882067E7 1.4323277385689482E8
2015-09-13_15:56:50 -3.317996183921109E7 -1.4385111262464624E7 1.4630121967713636E8
2015-09-18_05:26:50 -2.2668534311105218E7 -9828221.501637822 1.4848636832544664E8
2015-09-22_18:56:50 -1.2019266396177351E7 -5211618.172034595 1.497707799354124E8
2015-09-27_08:26:50 -1300762.2922801746 -564661.3061954079 1.5014281360483003E8
2015-10-01_21:56:50 9421304.68804622 4084308.1422286285 1.4960210585570166E8
2015-10-06_11:26:50 2.0085439956113562E7 8708229.749880787 1.481528947594798E8
2015-10-11_00:56:50 3.0630107945252303E7 1.3279933509226983E7 1.4579613746399713E8
2015-10-15_14:26:50 4.098975405890667E7 1.7771019283172682E7 1.4253889429249898E8
2015-10-20_03:56:50 5.1096217046229415E7 2.2152303381018434E7 1.3839680083433896E8
2015-10-24_17:26:50 7.077684031368037E7 3.0685471771648154E7 1.2723578243880002E8
