#time X Y Z
2015-03-08_04:08:50 -1.1412830524209352E9 -4.347776545208826E8 -8.48761182679726E8
2015-07-20_16:50:50 -1.1964717506768613E9 -4.6136461074006E8 -7.604699119127338E8
2015-12-02_03:32:50 -1.2452024082043164E9 -4.85447555942071E8 -6.68011672443702E8
2016-04-14_16:14:50 -1.2871862138063123E9 -5.069141430092078E8 -5.71993905089483E8
2016-08-27_03:56:50 -1.322321224833872E9 -5.2568499954806006E8 -4.728292322898359E8
2017-01-08_14:38:50 -1.3503939728631217E9 -5.416485423117301E8 -3.7116417274848264E8
2017-05-23_03:20:50 -1.3713028856810527E9 -5.5474031875997E8 -2.6747285039575294E8
2017-10-04_15:02:50 -1.3849580290470715E9 -5.648739686337988E8 -1.623321309731073E8
2018-02-16_01:44:50 -1.3912796699638343E9 -5.720401278754783E8 -5.635330977630114E7
2018-06-30_14:26:50 -1.3902578147146838E9 -5.761857069708548E8 4.990397457204576E7
2018-11-12_01:08:50 -1.3818919341085098E9 -5.772876379844553E8 1.5604671794205675E8
2019-03-26_12:50:50 -1.3662360894150677E9 -5.753458954489791E8 2.6123225349388504E8
2019-08-08_01:32:50 -1.3433579780107765E9 -5.703341308303452E8 3.65085230905707E8
2019-12-20_12:14:50 -1.3133333878665216E9 -5.623162410332384E8 4.67042846634135E8
2020-05-03_00:56:50 -1.2763497015482638E9 -5.513173690476999E8 5.664506266775391E8
2020-09-14_12:38:50 -1.2324903084797704E9 -5.373494281039811E8 6.629479037516533E8
2021-01-26_23:20:50 -1.1820505792318504E9 -5.2051121512945503E8 7.557907140906001E8
2021-06-10_12:02:50 -1.1252553032738202E9 -5.0084763104861796E8 8.445290621446474E8
2021-10-22_23:44:50 -1.0623148822897173E9 -4.784771298112339E8 9.287530336377047E8
2022-03-06_10:26:50 -9.935729200459791E8 -4.534920617865913E8 1.0078573118146204E9
2022-07-18_23:08:50 -9.193593355641663E8 -4.260097300230471E8 1.08141144907832E9
2022-11-30_09:50:50 -8.400256192816299E8 -3.9615476721648115E8 1.148977087329866E9
2023-04-13_22:32:50 -7.56065610498054E8 -3.640934218460528E8 1.210052126313024E9
2023-08-26_10:14:50 -6.677908921511961E8 -3.2997936018198884E8 1.2643538169355555E9
2024-01-07_20:56:50 -5.75736675553691E8 -2.9399502874672025E8 1.3113930251561654E9
2024-05-21_09:38:50 -4.803956695652754E8 -2.5632883441582808E8 1.3508602596084318E9
2024-10-02_21:20:50 -3.8224027263571507E8 -2.1716276416849744E8 1.3824655301467147E9
2025-02-14_08:02:50 -2.818898187994218E8 -1.767281643423312E8 1.4059047405974097E9
2025-06-28_20:44:50 -1.7992319614442566E8 -1.352828573879736E8 1.4209806356109545E9
2025-11-10_07:26:50 -7.68194371265974E7 -9.299828347003838E7 1.4274612336339688E9
2026-03-24_19:08:50 2.666293242263943E7 -5.0183124239683405E7 1.4252135643082633E9
2026-08-06_07:50:50 1.2998255729172687E8 -7051669.426608898 1.414152183636593E9
2026-12-18_18:32:50 2.324995431304011E8 3.6121528879660554E7 1.3942263143534598E9
2027-05-02_07:14:50 3.334621383406968E8 7.903152946124156E7 1.3654972499952114E9
2027-09-13_18:56:50 4.3231102866814196E8 1.2144672766285993E8 1.3279533442152803E9
2028-01-26_05:38:50 5.282833676338679E8 1.6304587656392196E8 1.2817884454004257E9
2028-06-08_18:20:50 6.207516225859132E8 2.0355549519300294E8 1.227193913305535E9
2028-10-21_06:02:50 7.091197616170176E8 2.427283677864505E8 1.164389943144571E9
2029-03-04_16:44:50 7.926768756944175E8 2.802503876881978E8 1.0937698666818807E9
2029-07-17_05:26:50 8.70779555097065E8 3.158420264548311E8 1.0156950639790926E9
2029-11-28_16:08:50 9.4288046273054E8 3.492578927501328E8 9.306142686711398E8
2030-04-12_04:50:50 1.0084040187823579E9 3.80223633744945E8 8.390743265128517E8
2030-08-24_16:32:50 1.066866978837992E9 4.085406771643128E8 7.415895615134724E8
2031-01-06_03:14:50 1.1177584864209983E9 4.339576843821989E8 6.388845527750641E8
2031-05-20_15:56:50 1.160623804958188E9 4.5625708563537776E8 5.316891852454167E8
2031-10-02_03:38:50 1.1951928970829546E9 4.752979561540489E8 4.205646965120837E8
2032-02-13_14:20:50 1.2211196209390059E9 4.908823664631438E8 3.064333784969103E8
2032-06-27_03:02:50 1.238175290493539E9 5.029185148552652E8 1.9009812434459096E8
2032-11-08_13:44:50 1.2462263445731192E9 5.112990656128899E8 7.230261048267418E7
2033-03-23_01:26:50 1.2451770925973885E9 5.1594509372602344E8 -4.5911183205473185E7
2033-08-04_14:08:50 1.2350351615541952E9 5.168255525560936E8 -1.6389455134947863E8
2033-12-17_00:50:50 1.2158741682744606E9 5.1390859149049544E8 -2.8073189877383E8
2034-04-30_13:32:50 1.1878444721925144E9 5.0726563534581256E8 -3.954685173836265E8
2034-09-12_01:14:50 1.1511514038812094E9 4.969250004646382E8 -5.0742459126103145E8
2035-01-24_11:56:50 1.10611694524089E9 4.8298418649289715E8 -6.15694822721014E8
2035-06-08_00:38:50 1.0531330531113027E9 4.65571731347256E8 -7.194783123713576E8
2035-10-20_12:20:50 9.925379073679917E8 4.447723071511311E8 -8.182311452252867E8
2036-03-02_23:02:50 9.248643658273212E8 4.2082558017522955E8 -9.111506594238094E8
2036-07-15_11:44:50 8.506508832154167E8 3.939043086700335E8 -9.976080509314374E8
2036-11-26_22:26:50 7.704525436465089E8 3.642125918355759E8 -1.0771300112557652E9
2037-04-10_11:08:50 6.849049824487523E8 3.3199323033039254E8 -1.1491791104072235E9
2037-08-22_22:50:50 5.945911150516235E8 2.974459143457176E8 -1.21338366425402E9
2038-01-04_09:32:50 5.0022799026826495E8 2.608953391807506E8 -1.2693101329918246E9
2038-05-18_22:14:50 4.025357334691938E8 2.2260651485622102E8 -1.3167221991645162E9
2038-09-30_09:56:50 3.021143811427443E8 1.8281621792885074E8 -1.35541689582327E9
2039-02-11_20:38:50 1.9970907730426514E8 1.4182546125967017E8 -1.3852206241317847E9
2039-06-26_09:20:50 9.604032972351316E7 9.991428222493975E7 -1.4060460474292722E9
2039-11-07_20:02:50 -8311282.712037905 5.735020989681175E7 -1.417848505684029E9
2040-03-21_07:44:50 -1.1254473662429433E8 1.4451789729835786E7 -1.4207158026119869E9
2040-08-02_20:26:50 -2.1609485520389304E8 -2.8544311343957555E7 -1.4147145732910695E9
2040-12-15_07:08:50 -3.183537287491512E8 -7.138419360689612E7 -1.3999795932685137E9
2041-04-28_19:50:50 -4.186106319696892E8 -1.1376724738057977E8 -1.376730985129089E9
2041-09-10_07:32:50 -5.1640151675806457E8 -1.554841846067092E8 -1.3451490734921536E9
2042-01-22_18:14:50 -6.111041148037724E8 -1.962680577504514E8 -1.3056093372735114E9
2042-06-06_06:56:50 -7.022122089597611E8 -2.3589615153279963E8 -1.258404589081971E9
2042-10-18_18:38:50 -7.892807246126876E8 -2.74172427471891E8 -1.203870320803144E9
2043-03-02_05:20:50 -8.71799550838663E8 -3.108622405087279E8 -1.1424375512094917E9
2043-07-14_18:02:50 -9.493253216452303E8 -3.457707025492007E8 -1.0745259469734945E9
2043-11-26_04:44:50 -1.0215719653155245E9 -3.7876018894683576E8 -1.0005488061593974E9
2044-04-08_17:26:50 -1.1412830524209352E9 -4.347776545208826E8 -8.48761182679726E8
