#time X Y Z
2014-08-02_18:26:22 6.10268385361703E8 2.717598246854832E8 -4.181605222861846E8
2014-08-07_02:24:27 6.08041130990887E8 2.7090456195890737E8 -4.2235814546779317E8
2014-08-11_10:22:32 6.058011768866566E8 2.700507944041902E8 -4.2654392398951215E8
2014-08-15_18:20:37 6.035269179382218E8 2.691746002499367E8 -4.3071082463996613E8
2014-08-20_02:18:41 6.012331103406869E8 2.6828982980434003E8 -4.3485580740982556E8
2014-08-24_10:16:46 5.989213011109312E8 2.6740403390295497E8 -4.389976245874315E8
2014-08-28_18:14:51 5.96579333553244E8 2.6649763001477093E8 -4.431143381100115E8
2014-09-02_02:12:56 5.942286369133523E8 2.6558727117032114E8 -4.472167609968192E8
2014-09-06_10:11:01 5.918381705872102E8 2.6466653738346976E8 -4.513006760395514E8
2014-09-10_18:09:05 5.894281173639127E8 2.6372971057709268E8 -4.553676611974578E8
2014-09-15_02:07:10 5.870086384729315E8 2.6279569143683013E8 -4.594177909633485E8
2014-09-19_10:05:15 5.845538072090956E8 2.6183885867333996E8 -4.6345087518036306E8
2014-09-23_18:03:20 5.820818459945754E8 2.6087425976618537E8 -4.6745917464512444E8
2014-09-28_02:01:25 5.795909328231802E8 2.599085297060242E8 -4.7146463724413395E8
2014-10-02_09:59:29 5.770708411356277E8 2.589224310029377E8 -4.7544456425878894E8
2014-10-06_17:57:34 5.74544296132704E8 2.5793336182425272E8 -4.79406927086268E8
2014-10-11_01:55:39 5.719781601581393E8 2.5693364152083215E8 -4.8335090223681176E8
2014-10-15_09:53:44 5.693928925652484E8 2.5591855674943918E8 -4.872768045423641E8
2014-10-19_17:51:49 5.667991243844755E8 2.5490629551827678E8 -4.9118537033466816E8
2014-10-24_01:49:53 5.64172210387841E8 2.5387222842772236E8 -4.950740020690964E8
2014-10-28_08:47:58 5.615387177687091E8 2.5283512596967748E8 -4.989456684898731E8
2014-11-01_16:46:03 5.588941220204248E8 2.5179986465073913E8 -5.027608020339293E8
2014-11-06_00:44:08 5.562033545599502E8 2.50737072565126E8 -5.0659481883258855E8
2014-11-10_08:42:13 5.535076062776898E8 2.4967195887493977E8 -5.104103102441253E8
2014-11-14_16:40:17 5.507739493335756E8 2.4859699053173646E8 -5.142045811435606E8
2014-11-19_00:38:22 5.480213912503548E8 2.475063658044102E8 -5.179811067472625E8
2014-11-23_08:36:27 5.452613235299323E8 2.4641907133286205E8 -5.217396679740961E8
2014-11-27_16:34:32 5.424681596569575E8 2.4531008263229594E8 -5.254774229507706E8
2014-12-02_00:32:37 5.396624380270823E8 2.4419557532541904E8 -5.2918610366036326E8
2014-12-06_08:30:41 5.3683547374321306E8 2.4307811276701283E8 -5.328936982282383E8
2014-12-10_16:28:46 5.33981843979317E8 2.419418425907063E8 -5.36573164687799E8
2014-12-15_00:26:51 5.3112446127178663E8 2.4080369408885252E8 -5.402327876070975E8
2014-12-19_08:24:56 5.282289610202744E8 2.3965543695342657E8 -5.438716814749624E8
2014-12-23_16:23:01 5.2531734585532826E8 2.3849284743568313E8 -5.474894594923476E8
2014-12-28_00:21:05 5.223994285932333E8 2.3733394185839036E8 -5.510885096570854E8
2015-01-01_08:19:10 5.194473928501379E8 2.3615303406956694E8 -5.546674349062986E8
2015-01-05_16:17:15 5.1648479411188024E8 2.349671652874527E8 -5.58216390006893E8
2015-01-10_00:15:20 5.135011155397821E8 2.3377879686744142E8 -5.617626806088854E8
2015-01-14_08:13:25 5.104934430334591E8 2.3257257176592287E8 -5.65278100129647E8
2015-01-18_16:11:29 5.0748261776039225E8 2.3136475355823648E8 -5.687745248104826E8
2015-01-23_00:09:34 5.0443379868328226E8 2.3014639202727294E8 -5.722492879458505E8
2015-01-27_08:07:39 5.0136875954463345E8 2.2891436097742066E8 -5.757032392224035E8
2015-01-31_16:05:44 4.9830100589475614E8 2.27687106575179E8 -5.791347535475987E8
2015-02-05_00:03:49 4.9519924319674426E8 2.2643802791913056E8 -5.825466908111038E8
2015-02-09_08:01:53 4.920964883662443E8 2.2518826763479602E8 -5.8593678202953E8
2015-02-13_15:59:58 4.889560733078881E8 2.2392829632935318E8 -5.893050825038394E8
2015-02-17_23:58:03 4.8580027865364105E8 2.2265449479206526E8 -5.926520523448653E8
2015-02-22_07:56:08 4.8264247677920467E8 2.213859341987238E8 -5.959765936614702E8
2015-02-26_15:54:13 4.794509819297616E8 2.2009579678674275E8 -5.992801722703396E8
2015-03-02_23:52:17 4.76251924031111E8 2.1880227846928698E8 -6.025521014358736E8
2015-03-07_07:50:22 4.730306848453043E8 2.1750484026259184E8 -6.058209375220057E8
2015-03-11_15:48:27 4.697882220706236E8 2.161912725137534E8 -6.090576192856E8
2015-03-15_23:46:32 4.6654495408952093E8 2.1487710532604638E8 -6.122728528021972E8
2015-03-20_07:44:37 4.63264754340855E8 2.135525001783189E8 -6.154656908253591E8
2015-03-24_15:42:41 4.5996937041740763E8 2.1221496277630985E8 -6.186363672315907E8
2015-03-28_23:40:46 4.5667385805044925E8 2.1088297544644693E8 -6.217840628414098E8
2015-04-02_08:38:51 4.5334635816062784E8 2.0953026228364304E8 -6.249086854273747E8
2015-04-06_16:36:56 4.4998281789902794E8 2.0816775315252647E8 -6.2804090278257E8
2015-04-11_00:35:01 4.4662150595809484E8 2.0679946194889793E8 -6.311204763497984E8
2015-04-15_08:33:05 4.4325532053302413E8 2.054289326173899E8 -6.341674323537034E8
2015-04-19_16:31:10 4.3986737398071015E8 2.0405438076014343E8 -6.372094596833237E8
2015-04-24_00:29:15 4.364574117866192E8 2.026635951757228E8 -6.402206519456075E8
2015-04-28_08:27:20 4.3305060862844783E8 2.01273889843305E8 -6.432076404370327E8
2015-05-02_16:25:25 4.2960707788692236E8 1.9987387841928637E8 -6.46171730671888E8
2015-05-07_00:23:29 4.261499782735996E8 1.9846119265069857E8 -6.49112605780737E8
2015-05-11_08:21:34 4.2269600493540645E8 1.970554625278692E8 -6.520286117860641E8
2015-05-15_16:19:39 4.1920797300891864E8 1.956284368464854E8 -6.549226884590575E8
2015-05-20_00:17:44 4.1571850066636145E8 1.9420026007604116E8 -6.577826609102956E8
2015-05-24_08:15:49 4.122041094181947E8 1.9276714834267247E8 -6.606387217030703E8
2015-05-28_16:13:53 4.086729376040474E8 1.913199035672245E8 -6.634606131616536E8
2015-06-02_00:11:58 4.0514489745779604E8 1.8987372797354683E8 -6.662587944924679E8
2015-06-06_08:10:03 4.015805046498502E8 1.8841679774901235E8 -6.690335526163446E8
2015-06-10_16:08:08 3.980035870019329E8 1.869485983015059E8 -6.717842755830504E8
2015-06-15_00:06:13 3.94430010462547E8 1.854868201755933E8 -6.745102195695361E8
2015-06-19_08:04:17 3.9082627283455634E8 1.8400559106890136E8 -6.772119040329187E8
2015-06-23_16:02:22 3.87226910711331E8 1.8252596171304432E8 -6.798892968465905E8
2015-06-28_00:00:27 3.835916203611231E8 1.8103595088995475E8 -6.82542794740845E8
2015-07-02_07:58:32 3.799443957616244E8 1.7953432951379722E8 -6.851719955403225E8
2015-07-06_15:56:37 3.7630323250638306E8 1.7804051152099073E8 -6.877753290390528E8
2015-07-10_23:54:41 3.726290889579593E8 1.7652619136565283E8 -6.903552334625721E8
2015-07-15_07:52:46 3.689567699063757E8 1.750125081800679E8 -6.929004580204571E8
2015-07-19_15:50:51 3.6525904944076204E8 1.73492496909263E8 -6.954401280665568E8
2015-07-23_23:48:56 3.615450712276198E8 1.719593186091517E8 -6.9794613824103E8
2015-07-28_07:47:01 3.578404507588404E8 1.7042989019747362E8 -7.004251902849836E8
2015-08-01_15:45:05 3.5409823980772084E8 1.688890581060932E8 -7.028809608383224E8
2015-08-05_23:43:10 3.50345992020195E8 1.673377006982533E8 -7.053113413569218E8
2015-08-10_07:41:15 3.466003064177087E8 1.6579407846516207E8 -7.077163908580027E8
2015-08-14_15:39:20 3.4282280379431975E8 1.6423066880299607E8 -7.100965506150744E8
2015-08-18_23:37:25 3.390560570180191E8 1.6267161145657602E8 -7.124500387140234E8
2015-08-23_07:35:29 3.352520845352006E8 1.6110112727838662E8 -7.147795661258463E8
2015-08-27_15:33:34 3.314384428319034E8 1.5952041303905985E8 -7.170835551197505E8
2015-08-31_23:31:39 3.2763257550454414E8 1.5794780600115934E8 -7.193619749877722E8
2015-09-05_07:29:44 3.237969744888062E8 1.563564683745633E8 -7.216140120153208E8
2015-09-09_15:27:49 3.199659412491388E8 1.5476697054659486E8 -7.238318033579655E8
2015-09-13_23:25:53 3.1610780224739575E8 1.53169898074252E8 -7.260426779505808E8
2015-09-18_07:23:58 3.122368069029209E8 1.515615553071149E8 -7.28218730218967E8
2015-09-22_15:22:03 3.0837602066886747E8 1.4995730355303818E8 -7.30368569221101E8
2015-09-26_23:20:08 3.044822240781919E8 1.483431688911154E8 -7.324917865178506E8
2015-10-01_07:18:13 3.0057789624058616E8 1.4671870093240687E8 -7.345899988480544E8
2015-10-05_15:16:17 2.966835290130045E8 1.451029228797408E8 -7.366621707990547E8
2015-10-09_23:14:22 2.9275826562405455E8 1.4346824307812262E8 -7.387082890449677E8
2015-10-14_07:12:27 2.888425509722564E8 1.4183750693289152E8 -7.407186542853752E8
2015-10-18_15:10:32 2.8489816144668204E8 1.4019821769426504E8 -7.427211684225233E8
2015-10-22_23:08:37 2.809418713513423E8 1.3854837740135637E8 -7.446891441602985E8
2015-10-27_06:06:41 2.7699869813729155E8 1.3690384599616238E8 -7.466301310304791E8
2015-10-31_14:04:46 2.730621875460035E8 1.3526630422971335E8 -7.48526692879966E8
2015-11-04_22:02:51 2.6907840736028403E8 1.3360280886604899E8 -7.504150600973953E8
2015-11-09_06:00:56 2.6510629354813612E8 1.3194398229453479E8 -7.522773988473486E8
2015-11-13_13:59:01 2.611003648020956E8 1.3027413298087047E8 -7.541131165916251E8
2015-11-17_21:57:05 2.5708664697037065E8 1.2859625241022058E8 -7.559223134859467E8
2015-11-22_05:55:10 2.530866438613402E8 1.2692793646689743E8 -7.577047364935771E8
2015-11-26_13:53:15 2.4905527829754582E8 1.2524087003875539E8 -7.594606455250776E8
2015-11-30_21:51:20 2.4503792493515468E8 1.2355948481815188E8 -7.61190121592893E8
2015-12-05_05:49:25 2.409873042044563E8 1.2186745946042827E8 -7.628925090722084E8
2015-12-09_13:47:29 2.3692957506994334E8 1.201671859480032E8 -7.645683405705421E8
2015-12-13_21:45:34 2.3288761361337578E8 1.1847746900829239E8 -7.662169635878134E8
2015-12-18_05:43:39 2.288132918921592E8 1.1676880444156691E8 -7.678389920517123E8
2015-12-22_13:41:44 2.2475208092535892E8 1.1506560062723736E8 -7.69426473970778E8
2015-12-26_21:39:49 2.2066298128189218E8 1.1335353158378087E8 -7.710024046738887E8
2015-12-31_05:37:53 2.1656682396026328E8 1.1163359619553241E8 -7.725431617742505E8
2016-01-04_13:35:58 2.1248534793754438E8 1.0991961029866825E8 -7.740576176340771E8
2016-01-08_21:34:03 2.0837048498411852E8 1.0819459718061179E8 -7.75544495870757E8
2016-01-13_05:32:08 2.0425014768209863E8 1.0646234956384338E8 -7.770042019939934E8
2016-01-17_13:30:13 2.001459094086456E8 1.0474049602796833E8 -7.784374271657549E8
2016-01-21_21:28:17 1.960127735580188E8 1.0300149398712803E8 -7.798422576550323E8
2016-01-26_05:26:22 1.9189382806916508E8 1.0126835838520831E8 -7.812134457946299E8
2016-01-30_13:24:27 1.8774587080403054E8 9.952556589590368E7 -7.825718570263517E8
2016-02-03_21:22:32 1.8359133435092473E8 9.777543498893714E7 -7.838955338765694E8
2016-02-08_05:20:37 1.7945637259924895E8 9.603336507169557E7 -7.851919501865044E8
2016-02-12_13:18:41 1.7528769556015292E8 9.427944449345283E7 -7.864604734837966E8
2016-02-16_21:16:46 1.711141380822531E8 9.251952829796411E7 -7.877015801585602E8
2016-02-21_05:14:51 1.6695756575917393E8 9.076970318241136E7 -7.889164198834592E8
2016-02-25_13:12:56 1.6277270514879584E8 8.900332260153005E7 -7.901028676817127E8
2016-02-29_21:11:01 1.586078325741585E8 8.724516681701949E7 -7.912623873442111E8
2016-03-05_05:09:05 1.5440978963034752E8 8.54754775476545E7 -7.923934344429991E8
2016-03-09_13:07:10 1.5020760213630724E8 8.369971288006125E7 -7.934969968446996E8
2016-03-13_21:05:15 1.4602463595663232E8 8.193507689044501E7 -7.945743652447464E8
2016-03-18_05:03:20 1.4181212194919163E8 8.015355599167164E7 -7.956226529600408E8
2016-03-22_13:01:25 1.376200488258874E8 7.838061434090966E7 -7.966378540249182E8
2016-03-26_20:59:29 1.3339794926957084E8 7.659697291748497E7 -7.97637385644897E8
2016-03-31_05:57:34 1.2917147333402868E8 7.48075152426708E7 -7.986028084328873E8
2016-04-04_13:55:39 1.2491942588593322E8 7.300954206973372E7 -7.995506580995004E8
2016-04-08_21:53:44 1.2068564474726194E8 7.121564863151819E7 -8.004596831878803E8
2016-04-13_05:51:49 1.1647000314061837E8 6.942898809670791E7 -8.013368440703708E8
2016-04-17_13:49:53 1.1222579257039386E8 6.763263585059859E7 -8.021970144087665E8
2016-04-21_21:47:58 1.0797758966252251E8 6.583055986706936E7 -8.030230740494969E8
2016-04-26_05:46:03 1.0375102432619539E8 6.4040206397569485E7 -8.038233210316916E8
2016-04-30_13:44:08 9.949687269138947E7 6.2234271603046685E7 -8.04593417175408E8
2016-05-04_21:42:13 9.526308073441361E7 6.043681808718767E7 -8.053320210687633E8
2016-05-09_05:40:17 9.100067923895389E7 5.8628850281019114E7 -8.060524224611644E8
2016-05-13_13:38:22 8.673576154577644E7 5.681632612360648E7 -8.067393662723752E8
2016-05-17_21:36:27 8.249496274551816E7 5.5013765846404344E7 -8.074001212250091E8
2016-05-22_05:34:32 7.822242139431894E7 5.319944069989002E7 -8.080308925770395E8
2016-05-26_13:32:37 7.394839204262449E7 5.13810304581173E7 -8.086336177748194E8
2016-05-30_21:30:41 6.969731784899166E7 4.957450963399224E7 -8.092111010909015E8
2016-06-04_05:28:46 6.5418422791127674E7 4.775268784126916E7 -8.097579816675638E8
2016-06-08_13:26:51 6.116451239302059E7 4.5941302396758E7 -8.10274118367316E8
2016-06-12_21:24:56 5.688044445796534E7 4.411837076161653E7 -8.107702452936306E8
2016-06-17_05:23:01 5.259491621598649E7 4.229170850404033E7 -8.112332972433808E8
2016-06-21_13:21:05 4.833430815416222E7 4.04753600185629E7 -8.116710291416699E8
2016-06-25_21:19:10 4.4046262357432514E7 3.864848716647122E7 -8.120776282726842E8
2016-06-30_05:17:15 3.975555193225884E7 3.6817853414127156E7 -8.124563627812853E8
2016-07-04_13:15:20 3.5489323520194285E7 3.499916435379921E7 -8.128102801321975E8
2016-07-08_21:13:25 3.1196827325027216E7 3.3166208231413793E7 -8.131330945521502E8
2016-07-13_05:11:29 2.692876923900022E7 3.134332238260882E7 -8.134311068103194E8
2016-07-17_13:09:34 2.2634512889806334E7 2.951045388286531E7 -8.136975552449846E8
2016-07-21_21:07:39 1.8338429849114012E7 2.767397560852717E7 -8.139361235536196E8
2016-07-26_05:05:44 1.4068411042680977E7 2.5850094045488603E7 -8.141502040802962E8
2016-07-30_13:03:49 9770948.973035121 2.401168361637361E7 -8.143327934247537E8
2016-08-03_21:01:53 5501709.10388891 2.2185071031524297E7 -8.14486668676267E8
2016-08-08_04:59:58 1203428.371562265 2.034680987863465E7 -8.146171491703241E8
2016-08-12_12:58:03 -3093719.89258535 1.850657174443009E7 -8.147156121715223E8
2016-08-16_20:56:08 -7364668.089648174 1.6677130353037393E7 -8.147897349287045E8
2016-08-21_04:54:13 -1.1662874449655665E7 1.4836847452578546E7 -8.148319445528015E8
2016-08-25_12:52:17 -1.5958430376471609E7 1.299530776418004E7 -8.148461583500746E8
2016-08-29_20:50:22 -2.022888817751452E7 1.1165544047757253E7 -8.148366188086118E8
2016-09-03_04:48:27 -2.452381710052218E7 9322944.591480728 -8.14794645127947E8
2016-09-07_12:46:32 -2.8791874697362643E7 7491340.848710419 -8.147255048170146E8
2016-09-11_20:44:37 -3.3085106197292976E7 5649718.89141702 -8.146311509876791E8
2016-09-16_04:42:41 -3.737818061243189E7 3805919.8406258877 -8.145053040639703E8
2016-09-20_12:40:46 -4.164234352127747E7 1974086.9963073845 -8.143559604390942E8
2016-09-24_20:38:51 -4.593291028448226E7 131247.71617200598 -8.141740776919365E8
2016-09-29_04:36:56 -5.022183704788779E7 -1712618.1749651658 -8.139642034009229E8
2016-10-03_12:35:01 -5.448056607979744E7 -3543014.7208854854 -8.13731157597596E8
2016-10-07_20:33:05 -5.876526045093349E7 -5386514.761875626 -8.134654840396957E8
2016-10-12_04:31:10 -6.3021320199263416E7 -7218184.123175304 -8.13176711049951E8
2016-10-16_12:29:15 -6.730256852926272E7 -9060462.926084835 -8.128550086823941E8
2016-10-20_20:27:20 -7.15814909784273E7 -1.0903468268600276E7 -8.125055461925836E8
2016-10-25_04:25:25 -7.582844269689865E7 -1.2732371900445923E7 -8.121335845613357E8
2016-10-29_12:23:29 -8.010230528367937E7 -1.457453168811181E7 -8.117282859712846E8
2016-11-02_19:21:34 -8.434604399129066E7 -1.6404177703944923E7 -8.11298048076734E8
2016-11-07_03:19:39 -8.856897167042585E7 -1.822482649588501E7 -8.108449269248418E8
2016-11-11_11:17:44 -9.283237163291536E7 -2.0064465506429628E7 -8.103564984720389E8
2016-11-15_19:15:49 -9.706699720424321E7 -2.1892180881422672E7 -8.098436421582103E8
2016-11-20_03:13:53 -1.0132598652306977E8 -2.3730615928765934E7 -8.093016681421123E8
2016-11-24_11:11:58 -1.0558032088039465E8 -2.5568326909766465E7 -8.087298739170257E8
2016-11-28_19:10:03 -1.0980492785566144E8 -2.739374938814415E7 -8.081361265057646E8
2016-12-03_03:08:08 -1.1405117689086378E8 -2.9228801157167517E7 -8.075089642279985E8
2016-12-07_11:06:13 -1.1829513401172064E8 -3.106401839433034E7 -8.068539252697536E8
2016-12-11_19:04:17 -1.2250787539563404E8 -3.288602205106022E7 -8.061773026357968E8
2016-12-16_03:02:22 -1.2674295210679723E8 -3.471873486287695E7 -8.054670865388772E8
2016-12-20_11:00:27 -1.3094524904265505E8 -3.653789566201312E7 -8.047344509319263E8
2016-12-24_18:58:32 -1.3517233959763893E8 -3.836823477495103E7 -8.039702476195183E8
2016-12-29_02:56:37 -1.3939464421452913E8 -4.01974250524009E7 -8.031771891390723E8
2017-01-02_10:54:41 -1.4358407569048387E8 -4.201299446126984E7 -8.023632134845397E8
2017-01-06_18:52:46 -1.477967148561381E8 -4.3839294512338944E7 -8.015151299197016E8
2017-01-11_02:50:51 -1.520026924223362E8 -4.566339201782432E7 -8.006398802886257E8
2017-01-15_10:48:56 -1.5617800374723002E8 -4.747494355235183E7 -7.997435407559516E8
2017-01-19_18:47:01 -1.603739747848611E8 -4.9296082332823694E7 -7.988133705267159E8
2017-01-24_02:45:05 -1.6453831532998714E8 -5.110414754234622E7 -7.97862458514343E8
2017-01-28_10:43:10 -1.6872254692088434E8 -5.292173392621802E7 -7.968777737174093E8
2017-02-01_18:41:15 -1.7290273211811975E8 -5.473804082911914E7 -7.95865228034047E8
2017-02-06_02:39:20 -1.7704902177334985E8 -5.654062146053609E7 -7.948329791789653E8
2017-02-10_10:37:25 -1.812169308004301E8 -5.835295685821067E7 -7.937661032494447E8
2017-02-14_18:35:29 -1.8535196705262148E8 -6.015170735091923E7 -7.926790580446686E8
2017-02-19_02:33:34 -1.8950570091656026E8 -6.19596738053195E7 -7.915584969639908E8
2017-02-23_10:31:39 -1.936539939306529E8 -6.376551273032755E7 -7.904102459674395E8
2017-02-27_18:29:44 -1.9776964763989678E8 -6.55578438625375E7 -7.892423362910775E8
2017-03-04_02:27:49 -2.0190495043599188E8 -6.736001111578386E7 -7.880398399086021E8
2017-03-08_10:25:53 -2.060323384372959E8 -6.915878552895448E7 -7.868108910179693E8
2017-03-12_18:23:58 -2.1012672724048153E8 -7.09446337084387E7 -7.855622200942051E8
2017-03-17_02:22:03 -2.1424051170781782E8 -7.273886279916087E7 -7.842790132699056E8
2017-03-21_10:20:08 -2.1832097311067244E8 -7.451929739656246E7 -7.829767407546173E8
2017-03-25_18:18:13 -2.2242023288656652E8 -7.630945160874799E7 -7.816396897559899E8
2017-03-30_03:16:17 -2.2651097669947106E8 -7.8095684707121E7 -7.802763423921381E8
2017-04-03_11:14:22 -2.3061129223445818E8 -7.988770130060042E7 -7.788793638447187E8
2017-04-07_19:12:27 -2.3468684930032077E8 -8.166870008957939E7 -7.774620033764005E8
2017-04-12_03:10:32 -2.3872858540123183E8 -8.34356978878922E7 -7.760261914283495E8
2017-04-16_11:08:37 -2.427866334241471E8 -8.521158699783672E7 -7.745560146202499E8
2017-04-20_19:06:41 -2.4683867907891524E8 -8.698437705883694E7 -7.730586894465183E8
2017-04-25_03:04:46 -2.5085415059834293E8 -8.874319264926346E7 -7.715438139448866E8
2017-04-29_11:02:51 -2.5488898304629466E8 -9.050986841252227E7 -7.699936266890603E8
2017-05-03_19:00:56 -2.5888902093494576E8 -9.226209389270614E7 -7.684269859618844E8
2017-05-08_02:59:01 -2.6290376219712728E8 -9.402283278657883E7 -7.668232020193918E8
2017-05-12_10:57:05 -2.6691194532629886E8 -9.57799356360459E7 -7.651939243010688E8
2017-05-16_18:55:10 -2.708836330042923E8 -9.75218903864249E7 -7.635476711202544E8
2017-05-21_02:53:15 -2.7487295912628895E8 -9.927359314428109E7 -7.618661420480323E8
2017-05-25_10:51:20 -2.788533025527486E8 -1.0102072808635595E8 -7.601582437240765E8
2017-05-29_18:49:25 -2.8279566034960324E8 -1.027535434956262E8 -7.584342564360107E8
2017-06-03_02:47:29 -2.86755872950492E8 -1.0449316401335996E8 -7.566745789370925E8
2017-06-07_10:45:34 -2.906809744274682E8 -1.0621824153263552E8 -7.548979241208435E8
2017-06-11_18:43:39 -2.946214527866388E8 -1.0795244385718545E8 -7.5308634958934E8
2017-06-16_02:41:44 -2.9855110959454626E8 -1.0968077827592549E8 -7.512494922289518E8
2017-06-20_10:39:49 -3.0244465466468537E8 -1.1139596571507958E8 -7.49395927757482E8
2017-06-24_18:37:53 -3.0635514401290715E8 -1.1311731223496836E8 -7.475068728896674E8
2017-06-29_02:35:58 -3.102302004839353E8 -1.148241060171289E8 -7.456042331143173E8
2017-07-03_10:34:03 -3.141177001474554E8 -1.165387823990088E8 -7.436615457366589E8
2017-07-07_18:32:08 -3.1799413968405545E8 -1.1824733062223431E8 -7.416965351730775E8
2017-07-12_02:30:13 -3.218360863100436E8 -1.1994161080572331E8 -7.397150600671183E8
2017-07-16_10:28:17 -3.2569179392033356E8 -1.2164471257735617E8 -7.376984802815589E8
2017-07-20_18:26:22 -3.29537322168336E8 -1.2334179770701474E8 -7.356564157457377E8
2017-07-25_02:24:27 -3.333431631365026E8 -1.2502458320745926E8 -7.33599813576485E8
2017-07-29_10:22:32 -3.3716524899989563E8 -1.2671283809446777E8 -7.315076588478316E8
2017-08-02_18:20:37 -3.409521872230726E8 -1.2838645310935391E8 -7.294029937790699E8
2017-08-07_02:18:41 -3.44749223717927E8 -1.3006770768520443E8 -7.272572530016276E8
2017-08-11_10:16:46 -3.48536734662253E8 -1.3174287814204994E8 -7.250896516462852E8
2017-08-15_18:14:51 -3.522844387498572E8 -1.334015128380391E8 -7.22908353263017E8
2017-08-20_02:12:56 -3.5604705077467835E8 -1.3506962671224907E8 -7.206908945805022E8
2017-08-24_10:11:01 -3.597980035826626E8 -1.3673111914248076E8 -7.184485315879401E8
2017-08-28_18:09:05 -3.635106945634327E8 -1.3837906729586777E8 -7.161919821449106E8
2017-09-02_02:07:10 -3.672346589598934E8 -1.40029918533264E8 -7.139013328360385E8
2017-09-06_10:05:15 -3.709231748002232E8 -1.4166611074378356E8 -7.11595662082688E8
2017-09-10_18:03:20 -3.7462296388298506E8 -1.433106510385563E8 -7.092550610788907E8
2017-09-15_02:01:25 -3.783107551644285E8 -1.449477327406229E8 -7.068898633035294E8
2017-09-19_09:59:29 -3.8195907593178546E8 -1.4657121950911602E8 -7.045113340908927E8
2017-09-23_17:57:34 -3.856192715143217E8 -1.481976325234723E8 -7.020984189584192E8
2017-09-28_01:55:39 -3.892449854749988E8 -1.4980992778102317E8 -6.996751945145652E8
2017-10-02_09:53:44 -3.92876791433032E8 -1.51428290712476E8 -6.972093534256439E8
2017-10-06_17:51:49 -3.9649815799944055E8 -1.5303975050851312E8 -6.947229314446223E8
2017-10-11_01:49:53 -4.000792836964698E8 -1.5463448056256622E8 -6.922252388551725E8
2017-10-15_09:47:58 -4.036720836340619E8 -1.5623784422328848E8 -6.896913160013705E8
2017-10-19_17:46:03 -4.072521138628423E8 -1.578335098321687E8 -6.871335900468658E8
2017-10-24_01:44:08 -4.107922596689467E8 -1.5941554210283327E8 -6.845630779602436E8
2017-10-28_09:42:13 -4.1434360637767667E8 -1.6099978081151778E8 -6.819584934928102E8
2017-11-01_16:40:17 -4.1785589883511E8 -1.62567818050553E8 -6.793415814614927E8
2017-11-06_00:38:22 -4.213402857056391E8 -1.6412778271908882E8 -6.767165779888006E8
2017-11-10_08:36:27 -4.248482242621382E8 -1.6569509966508082E8 -6.740416946835908E8
2017-11-14_16:34:32 -4.283209297886784E8 -1.6724771632881537E8 -6.713590671156886E8
2017-11-19_00:32:37 -4.317936593658519E8 -1.688047569017763E8 -6.686344557839824E8
2017-11-23_08:30:41 -4.352578214945085E8 -1.7035492987107986E8 -6.65889472109853E8
2017-11-27_16:28:46 -4.386825590100143E8 -1.7188871567538396E8 -6.631331801672895E8
2017-12-02_00:26:51 -4.421151387641783E8 -1.7342992703469136E8 -6.603424861044852E8
2017-12-06_08:24:56 -4.4553364668019456E8 -1.749624407315287E8 -6.575288054617803E8
2017-12-10_16:23:01 -4.4891028760790133E8 -1.7648083523195323E8 -6.547050856817071E8
2017-12-15_00:21:05 -4.5229737521999353E8 -1.7800067460853553E8 -6.51846126562283E8
2017-12-19_08:19:10 -4.5564582510910213E8 -1.7950445528406224E8 -6.489759073468673E8
2017-12-23_16:17:15 -4.590004231458521E8 -1.810154310004034E8 -6.460717787368103E8
2017-12-28_00:15:20 -4.6234065452256894E8 -1.825167377791672E8 -6.43145305320166E8
2018-01-01_08:13:25 -4.6563814610483843E8 -1.840040847478959E8 -6.402094475406398E8
2018-01-05_16:11:29 -4.689461013198863E8 -1.854926498539371E8 -6.37238429594174E8
2018-01-10_00:09:34 -4.722182609770544E8 -1.8696657116641444E8 -6.342620343732299E8
2018-01-14_08:07:39 -4.754884961257254E8 -1.884440321809336E8 -6.31241828582245E8
2018-01-18_16:05:44 -4.787457212066417E8 -1.8991237129350787E8 -6.282055320057238E8
2018-01-23_00:03:49 -4.81964585661467E8 -1.913647942371985E8 -6.251587533823351E8
2018-01-27_08:01:53 -4.851885080002123E8 -1.9282393439892346E8 -6.220782229046491E8
2018-01-31_15:59:58 -4.8839667780463076E8 -1.9427310116967398E8 -6.189759770141948E8
2018-02-04_23:58:03 -4.915640792045803E8 -1.9570918712462986E8 -6.158640991965374E8
2018-02-09_07:56:08 -4.9473657340138763E8 -1.9714375668730113E8 -6.127200684916008E8
2018-02-13_15:54:13 -4.978712601732305E8 -1.9856264336704996E8 -6.095655256789716E8
2018-02-17_23:52:17 -5.010093907783129E8 -1.9998807652819812E8 -6.063778313458499E8
2018-02-22_07:50:22 -5.041315983877968E8 -2.0140258551943836E8 -6.031688772841879E8
2018-02-26_15:48:27 -5.0721079507213396E8 -2.028035383389614E8 -5.99952391477511E8
2018-03-02_23:46:32 -5.1029772957464963E8 -2.042039373879347E8 -5.967015207350515E8
2018-03-07_07:44:37 -5.133495451436466E8 -2.0559001764806002E8 -5.93447492329665E8
2018-03-11_15:42:41 -5.163944266878666E8 -2.069779451292297E8 -5.901496558601426E8
2018-03-15_23:40:46 -5.194272670800846E8 -2.083566034612367E8 -5.868369256410395E8
2018-03-20_07:38:51 -5.224192077982773E8 -2.097182409107052E8 -5.835168075138757E8
2018-03-24_15:36:56 -5.254142434571515E8 -2.1108657340966323E8 -5.801630037293357E8
2018-03-29_00:35:01 -5.283926522011798E8 -2.12443348444853E8 -5.767890622029299E8
2018-04-02_08:33:05 -5.313610976214249E8 -2.1380120737052378E8 -5.733723117198048E8
2018-04-06_16:31:10 -5.3430115071729225E8 -2.1514247299686524E8 -5.699592507708011E8
2018-04-11_00:29:15 -5.372015999858761E8 -2.164672896635181E8 -5.665369818828735E8
2018-04-15_08:27:20 -5.401035236753783E8 -2.1779791725716722E8 -5.630826900504768E8
2018-04-19_16:25:25 -5.429880882964792E8 -2.191171775251562E8 -5.596088207508416E8
2018-04-24_00:23:29 -5.458306944316407E8 -2.204234709853152E8 -5.561274630205225E8
2018-04-28_08:21:34 -5.48675618627549E8 -2.2172629579096794E8 -5.526157601612855E8
2018-05-02_16:19:39 -5.514817578695178E8 -2.2301300319182345E8 -5.490954576940508E8
2018-05-07_00:17:44 -5.542879567436099E8 -2.2430544482566643E8 -5.45543792755803E8
2018-05-11_08:15:49 -5.570762370475582E8 -2.2558534944238162E8 -5.419729473602031E8
2018-05-15_16:13:53 -5.598207894158957E8 -2.2685205486628276E8 -5.383966776346227E8
2018-05-20_00:11:58 -5.625698992910666E8 -2.281161058877295E8 -5.347879815458843E8
2018-05-24_08:10:03 -5.652846411257342E8 -2.2936611489925274E8 -5.3117830552617323E8
2018-05-28_16:08:08 -5.679861481831365E8 -2.3061587688767326E8 -5.275262025187446E8
2018-06-02_00:06:13 -5.70675250310526E8 -2.3185549458177486E8 -5.2386120410922074E8
2018-06-06_08:04:17 -5.733230395192758E8 -2.3307789997594756E8 -5.201916537651169E8
2018-06-10_16:02:22 -5.759700189214573E8 -2.3430553508757183E8 -5.164902419143278E8
2018-06-15_00:00:27 -5.785985119803921E8 -2.3552085376580542E8 -5.127704671654732E8
2018-06-19_07:58:32 -5.811846333581774E8 -2.367234394791703E8 -5.0904453672771114E8
2018-06-23_15:56:37 -5.837712790608244E8 -2.3792128484768254E8 -5.052901206299734E8
2018-06-27_23:54:41 -5.863186169278272E8 -2.3910276341708177E8 -5.0152866524371743E8
2018-07-02_07:52:46 -5.888628681780137E8 -2.4028904298619476E8 -4.977373877989319E8
2018-07-06_15:50:51 -5.913883432541817E8 -2.414619230936571E8 -4.939287140940655E8
2018-07-10_23:48:56 -5.93871019559657E8 -2.426224350385482E8 -4.9011419209291935E8
2018-07-15_07:47:01 -5.963536359062432E8 -2.4377776846106344E8 -4.8627177701774704E8
2018-07-19_15:45:05 -5.98803819549144E8 -2.449199199333592E8 -4.8242872559382707E8
2018-07-23_23:43:10 -6.012357881762993E8 -2.460600513988529E8 -4.7854501101311153E8
2018-07-28_07:41:15 -6.036554030665568E8 -2.47189594607552E8 -4.746500354350445E8
2018-08-01_15:39:20 -6.060345603704563E8 -2.4830226956138095E8 -4.707501903338813E8
2018-08-05_23:37:25 -6.084085450724016E8 -2.49419058378026E8 -4.668232480275852E8
2018-08-10_07:35:29 -6.107637313699139E8 -2.5052215456883428E8 -4.628783363672424E8
2018-08-14_15:33:34 -6.13076029038192E8 -2.5161307302228054E8 -4.58928490487671E8
2018-08-18_23:31:39 -6.153879180099927E8 -2.5269840906702676E8 -4.549509021887879E8
2018-08-23_07:29:44 -6.176658442222314E8 -2.5376986401312608E8 -4.5097592230352724E8
2018-08-27_15:27:49 -6.19923828333151E8 -2.5483876614774543E8 -4.4696041602904886E8
2018-08-31_23:25:53 -6.221692150504122E8 -2.5589673790757418E8 -4.4293446045669943E8
2018-09-05_07:23:58 -6.24374421032274E8 -2.569379288422463E8 -4.389044903760784E8
2018-09-09_15:22:03 -6.265735903353045E8 -2.5798268638413176E8 -4.348473861789622E8
2018-09-13_23:20:08 -6.287513898139187E8 -2.5901314724971232E8 -4.307762403863917E8
2018-09-18_07:18:13 -6.308876364131713E8 -2.6003182033946082E8 -4.2669980040761423E8
2018-09-22_15:16:17 -6.330213183975706E8 -2.6104372916476622E8 -4.2259622471386427E8
2018-09-26_23:14:22 -6.351145135211753E8 -2.620387232809987E8 -4.1848948356816405E8
2018-10-01_07:12:27 -6.371999114035293E8 -2.6303704421437314E8 -4.1435778693984944E8
2018-10-05_15:10:32 -6.392656466747422E8 -2.640208921198376E8 -4.102098168076876E8
2018-10-09_23:08:37 -6.412882154995025E8 -2.6499274732790437E8 -4.0605806793847287E8
2018-10-14_07:06:41 -6.433081675860167E8 -2.6595765691762832E8 -4.018806218991484E8
2018-10-18_15:04:46 -6.452960897351128E8 -2.669095054542441E8 -3.977056861805631E8
2018-10-22_23:02:51 -6.472576725948207E8 -2.6785635617962718E8 -3.9349601942397964E8
2018-10-27_07:00:56 -6.492078326319698E8 -2.687923944882142E8 -3.892758009673577E8
2018-10-31_13:59:01 -6.51117386106974E8 -2.6971140355131E8 -3.850528215201401E8
2018-11-04_21:57:05 -6.529975933688742E8 -2.706245745082407E8 -3.808478645225419E8
2018-11-09_05:55:10 -6.548769368348614E8 -2.715312027858609E8 -3.765875627403198E8
2018-11-13_13:53:15 -6.567165702005551E8 -2.72421202584412E8 -3.723237760813807E8
2018-11-17_21:51:20 -6.585471917837E8 -2.73314258321441E8 -3.680355066599744E8
2018-11-22_05:49:25 -6.603564809544107E8 -2.7419180390684825E8 -3.637342388706694E8
2018-11-26_13:47:29 -6.621224989858606E8 -2.750576103530401E8 -3.594300741359467E8
2018-11-30_21:45:34 -6.638833430249184E8 -2.759150157837744E8 -3.551038813606167E8
2018-12-05_05:43:39 -6.656138891507981E8 -2.767596846959713E8 -3.5077948090203446E8
2018-12-09_13:41:44 -6.673152419650599E8 -2.7759911308977765E8 -3.4642136889367986E8
2018-12-13_21:39:49 -6.690043821607043E8 -2.7842668276556396E8 -3.4205580891645706E8
2018-12-18_05:37:53 -6.706522877013657E8 -2.7923695052760214E8 -3.37689914503226E8
2018-12-22_13:35:58 -6.722908793453709E8 -2.800499568661084E8 -3.3329987641186804E8
2018-12-26_21:34:03 -6.739071576323377E8 -2.8084748656961125E8 -3.2889778297999936E8
2018-12-31_05:32:08 -6.754803495786843E8 -2.8163316579975057E8 -3.244941994238357E8
2019-01-04_13:30:13 -6.770478688857206E8 -2.824100353637073E8 -3.200679200608594E8
2019-01-08_21:28:17 -6.785738735160325E8 -2.831694697031398E8 -3.156423885230104E8
2019-01-13_05:26:22 -6.800895611467E8 -2.839316036616943E8 -3.1119393085528904E8
2019-01-17_13:24:27 -6.815829929238437E8 -2.8467754434916186E8 -3.0673370554299426E8
2019-01-21_21:22:32 -6.83033214015529E8 -2.854119822216407E8 -3.022720632729881E8
2019-01-26_05:20:37 -6.844763714692693E8 -2.8613688020365554E8 -2.977914063718737E8
2019-01-30_13:18:41 -6.858897850280637E8 -2.8684958926394963E8 -2.933129297905411E8
2019-02-03_21:16:46 -6.872706227638991E8 -2.875551102871509E8 -2.888047322247064E8
2019-02-08_05:14:51 -6.886391899948035E8 -2.882488021706091E8 -2.8428983484800655E8
2019-02-12_13:12:56 -6.899670238476129E8 -2.8892538896902615E8 -2.797752644899866E8
2019-02-16_21:11:01 -6.912822170554783E8 -2.89603767529471E8 -2.752421477091203E8
2019-02-21_05:09:05 -6.92575202141991E8 -2.9026579899976623E8 -2.7069756703315294E8
2019-02-25_13:07:10 -6.938246334948063E8 -2.9091628268982935E8 -2.6615220762591597E8
2019-03-01_21:05:15 -6.950670155286394E8 -2.915570767889724E8 -2.615873454883383E8
2019-03-06_05:03:20 -6.962796149047501E8 -2.921853188156727E8 -2.57026667807868E8
2019-03-10_13:01:25 -6.974565400189801E8 -2.9280577128771055E8 -2.524410500126607E8
2019-03-14_20:59:29 -6.986220679543849E8 -2.9341433290045047E8 -2.478486723279795E8
2019-03-19_04:57:34 -6.997466657216532E8 -2.940055990998827E8 -2.4325546049337986E8
2019-03-23_12:55:39 -7.008584006110576E8 -2.945984114755042E8 -2.3864498706121942E8
2019-03-27_20:53:44 -7.019461715104556E8 -2.95174534737526E8 -2.3402714308299702E8
2019-04-01_05:51:49 -7.02991137660095E8 -2.957392482014733E8 -2.2940821435118967E8
2019-04-05_13:49:53 -7.040401271725576E8 -2.9629894336579293E8 -2.2472594003204733E8
2019-04-09_21:47:58 -7.050329817234577E8 -2.968417828225251E8 -2.20089308650748E8
2019-04-14_05:46:03 -7.060173740607055E8 -2.973740886572913E8 -2.154365504996333E8
2019-04-18_13:44:08 -7.069720668456708E8 -2.978941207379706E8 -2.1078939527197522E8
2019-04-22_21:42:13 -7.078898980975435E8 -2.984054013972521E8 -2.0611741197395942E8
2019-04-27_05:40:17 -7.087955029195825E8 -2.9890450157094806E8 -2.01441697084971E8
2019-05-01_13:38:22 -7.096606336947043E8 -2.9938653512261575E8 -1.9676585731001425E8
2019-05-05_21:36:27 -7.10511104466907E8 -2.9986942947007304E8 -1.9207688564864683E8
2019-05-10_05:34:32 -7.113379541177312E8 -3.003355579451413E8 -1.8737890603312922E8
2019-05-14_13:32:37 -7.121216221494125E8 -3.007902366561464E8 -1.8268238061113968E8
2019-05-18_21:30:41 -7.128955962767503E8 -3.012337672781234E8 -1.779701228857782E8
2019-05-23_05:28:46 -7.136287477766802E8 -3.0166002654653597E8 -1.7326023177579388E8
2019-05-27_13:26:51 -7.143468850657594E8 -3.020873305633459E8 -1.6853731149783513E8
2019-05-31_21:24:56 -7.150412976486945E8 -3.024972332265365E8 -1.6380643068049967E8
2019-06-05_05:23:01 -7.15692271683048E8 -3.028958781011015E8 -1.5907670315658763E8
2019-06-09_13:21:05 -7.163333630304611E8 -3.032831914268354E8 -1.5433391182474434E8
2019-06-13_21:19:10 -7.169455775437887E8 -3.0365848352864397E8 -1.4959721562091154E8
2019-06-18_05:17:15 -7.175182720740099E8 -3.0402401382374537E8 -1.4484060976105016E8
2019-06-22_13:15:20 -7.180787878332007E8 -3.043772400164954E8 -1.400808780016514E8
2019-06-26_21:13:25 -7.185987814724858E8 -3.0471321805694956E8 -1.3532326097268632E8
2019-07-01_05:11:29 -7.191030105218964E8 -3.0504995600939107E8 -1.3055364767382398E8
2019-07-05_13:09:34 -7.195827665832658E8 -3.0536890236925745E8 -1.2578094930199532E8
2019-07-09_21:07:39 -7.200191707857574E8 -3.0567665487470406E8 -1.2100864596815732E8
2019-07-14_05:05:44 -7.20445286136246E8 -3.0597282334537804E8 -1.162243989863569E8
2019-07-18_13:03:49 -7.208429529628115E8 -3.0625687627370036E8 -1.1144502489953531E8
2019-07-22_21:01:53 -7.211992071737903E8 -3.0653083344956625E8 -1.0665287105451092E8
2019-07-27_04:59:58 -7.215437258471127E8 -3.067923326222236E8 -1.0185655433406506E8
2019-07-31_12:58:03 -7.218476398247871E8 -3.070365276786329E8 -9.706225688160333E7
2019-08-04_20:56:08 -7.221353237173356E8 -3.072811646918048E8 -9.225887102664946E7
2019-08-09_04:54:13 -7.223981966009594E8 -3.0750807665170455E8 -8.745164661729401E7
2019-08-13_12:52:17 -7.226176542612828E8 -3.07723635760769E8 -8.264961683478747E7
2019-08-17_20:50:22 -7.228259216695503E8 -3.0792717516759425E8 -7.783547621507056E7
2019-08-22_04:48:27 -7.229934845411184E8 -3.0811332759082705E8 -7.302529144393617E7
2019-08-26_12:46:32 -7.231445418644493E8 -3.0829995455471253E8 -6.820628874700297E7
2019-08-30_20:44:37 -7.232706958305436E8 -3.084684546246721E8 -6.338638550319182E7
2019-09-04_04:42:41 -7.233535072753153E8 -3.086258179228451E8 -5.856730233089148E7
2019-09-08_12:40:46 -7.234248847356884E8 -3.087709725860086E8 -5.374131279145403E7
2019-09-12_20:38:51 -7.234684645401999E8 -3.08904378324752E8 -4.8919721815704964E7
2019-09-17_04:36:56 -7.234692739338355E8 -3.0902677522597975E8 -4.40888851791545E7
2019-09-21_12:35:01 -7.234579736413009E8 -3.0913660679701847E8 -3.925820371174862E7
2019-09-25_20:33:05 -7.23406160774107E8 -3.0922911566771096E8 -3.443018667596405E7
2019-09-30_04:31:10 -7.233372306335971E8 -3.0932172902496725E8 -2.9595822872919664E7
2019-10-04_12:29:15 -7.23243428373531E8 -3.093964074262109E8 -2.4760787482455384E7
2019-10-08_20:27:20 -7.231059827574869E8 -3.0945972567899716E8 -1.9929396641228054E7
2019-10-13_04:25:25 -7.229569729536678E8 -3.0951066928913474E8 -1.509320041407739E7
2019-10-17_12:23:29 -7.227670902469478E8 -3.095441105244859E8 -1.0260170870413864E7
2019-10-21_20:21:34 -7.225599646668978E8 -3.095776941105344E8 -5422401.095946978
2019-10-26_04:19:39 -7.22327986809777E8 -3.0959310913461614E8 -584209.7516792024
2019-10-30_11:17:44 -7.220523222898824E8 -3.0959720575020146E8 4248410.054310749
2019-11-03_19:15:49 -7.217653661330134E8 -3.095891517971313E8 9038869.326348808
2019-11-08_03:13:53 -7.214504315363892E8 -3.095690283829927E8 1.38764764268513E7
2019-11-12_11:11:58 -7.210945984410874E8 -3.095313496872004E8 1.8710088977203842E7
2019-11-16_19:10:03 -7.207214884211575E8 -3.0949365108049095E8 2.35463839369054E7
2019-11-21_03:08:08 -7.203233959163972E8 -3.094378977535898E8 2.8379917197075088E7
2019-11-25_11:06:13 -7.198817332476472E8 -3.093707312976348E8 3.3210170596897062E7
2019-11-29_19:04:17 -7.19427919824334E8 -3.0929095974337363E8 3.8043744838789105E7
2019-12-04_03:02:22 -7.189333935389973E8 -3.091937221395229E8 4.287136236004063E7
2019-12-08_11:00:27 -7.184215117157538E8 -3.090964413615449E8 4.7699352828793876E7
2019-12-12_18:58:32 -7.178844905020539E8 -3.0898090728399146E8 5.25270510608468E7
2019-12-17_02:56:37 -7.173037773017492E8 -3.088539553198186E8 5.735027785371728E7
2019-12-21_10:54:41 -7.167112271646044E8 -3.0871448551447695E8 6.21735841613458E7
2019-12-25_18:52:46 -7.160908436048595E8 -3.085630882329133E8 6.6992805259529494E7
2019-12-30_02:50:51 -7.154268851524925E8 -3.084002849874542E8 7.180792573794454E7
2020-01-03_10:48:56 -7.147508162727008E8 -3.08224892967061E8 7.662353456360383E7
2020-01-07_18:47:01 -7.14033842305243E8 -3.080318240685718E8 8.143402789652397E7
2020-01-12_02:45:05 -7.132996013528081E8 -3.078387066118361E8 8.624316171971796E7
2020-01-16_10:43:10 -7.125403028472435E8 -3.076274049216211E8 9.104743598442897E7
2020-01-20_18:41:15 -7.117373997779491E8 -3.074046276897647E8 9.584714982222494E7
2020-01-25_02:39:20 -7.10922314787953E8 -3.071692315670587E8 1.0064651766283028E8
2020-01-29_10:37:25 -7.100665367536861E8 -3.069162690472286E8 1.0543847178712353E8
2020-02-02_18:35:29 -7.091933257395688E8 -3.0666311928544194E8 1.1022898707598767E8
2020-02-07_02:33:34 -7.082952602424743E8 -3.063918705236925E8 1.150134763954476E8
2020-02-11_10:31:39 -7.073533630250261E8 -3.0610901858408606E8 1.1979377461308695E8
2020-02-15_18:29:44 -7.063996134258751E8 -3.05813690484281E8 1.2457072841486284E8
2020-02-20_02:27:49 -7.05418193323542E8 -3.055063117855044E8 1.2934263400781633E8
2020-02-24_10:25:53 -7.04393505593508E8 -3.0518763902386904E8 1.3410543482718101E8
2020-02-28_18:23:58 -7.033565576601171E8 -3.048562868670642E8 1.3886780757625198E8
2020-03-04_02:22:03 -7.022788116445715E8 -3.045072340985195E8 1.4362222781364143E8
2020-03-08_10:20:08 -7.011839403614482E8 -3.041580812805879E8 1.4837263698189917E8
2020-03-12_18:18:13 -7.000641785427135E8 -3.0379081484621245E8 1.5311689064495298E8
2020-03-17_02:16:17 -6.989010239180039E8 -3.03412051331943E8 1.578528149715269E8
2020-03-21_10:14:22 -6.977260226202946E8 -3.030208498696984E8 1.6258484795372048E8
2020-03-25_18:12:27 -6.965230652910438E8 -3.0261741830850536E8 1.6731233945692575E8
2020-03-30_03:10:32 -6.952773477766542E8 -3.02202804238615E8 1.7202819976531622E8
2020-04-03_11:08:37 -6.94010156298192E8 -3.017715394863069E8 1.7678448785009024E8
2020-04-07_19:06:41 -6.927086858755845E8 -3.013326419370378E8 1.8148851025734553E8
2020-04-12_03:04:46 -6.913956710723364E8 -3.0088149991306204E8 1.8618692721378273E8
2020-04-16_11:02:51 -6.900418536378666E8 -3.0041256028329456E8 1.908764784078253E8
2020-04-20_19:00:56 -6.886714293562196E8 -2.9994356668373936E8 1.9555918157153863E8
2020-04-25_02:59:01 -6.872766169314536E8 -2.994567983030938E8 2.002326134458428E8
2020-04-29_10:57:05 -6.858377415870202E8 -2.989580673371633E8 2.0489983210360566E8
2020-05-03_18:55:10 -6.843878655941231E8 -2.9844732072555405E8 2.095584862416879E8
2020-05-08_02:53:15 -6.829098389045242E8 -2.979241584292921E8 2.1421223435799637E8
2020-05-12_10:51:20 -6.813901643843207E8 -2.9739019354050833E8 2.1885004099351755E8
2020-05-16_18:49:25 -6.798587232460933E8 -2.968438752982503E8 2.2348237068420735E8
2020-05-21_02:47:29 -6.78286234553593E8 -2.962796359289061E8 2.281060586975298E8
2020-05-25_10:45:34 -6.766976201276772E8 -2.9571542499304825E8 2.3272101188471994E8
2020-05-29_18:43:39 -6.750844324513565E8 -2.951334054992503E8 2.3732658643314356E8
2020-06-03_02:41:44 -6.734285654732331E8 -2.945398730654888E8 2.419206998220108E8
2020-06-07_10:39:49 -6.717610435323488E8 -2.939341478914137E8 2.465078027096854E8
2020-06-11_18:37:53 -6.700530382385491E8 -2.933106855591786E8 2.5108419004677746E8
2020-06-16_02:35:58 -6.683292712585183E8 -2.926873171328212E8 2.55650472960959E8
2020-06-20_10:34:03 -6.66581232123434E8 -2.920463244361052E8 2.602060891846994E8
2020-06-24_18:32:08 -6.647901346175928E8 -2.913935739086638E8 2.6475111726030737E8
2020-06-29_02:30:13 -6.629883973121182E8 -2.9072908201976746E8 2.6928571302709424E8
2020-07-03_10:28:17 -6.611581102795413E8 -2.900519233356287E8 2.7381489388915515E8
2020-07-07_18:26:22 -6.59288213228708E8 -2.893646082801987E8 2.7832254925890243E8
2020-07-12_02:24:27 -6.574068703394036E8 -2.886651960357018E8 2.828229173929252E8
2020-07-16_10:22:32 -6.554841831311282E8 -2.879476580768175E8 2.873136545505887E8
2020-07-20_18:20:37 -6.535466645543627E8 -2.872304455949784E8 2.917918666015009E8
2020-07-25_02:18:41 -6.515852300120189E8 -2.8649587688819015E8 2.9625812087459475E8
2020-07-29_10:16:46 -6.495802442405229E8 -2.857492051441842E8 3.007142057846509E8
2020-08-02_18:14:51 -6.475666329975324E8 -2.849916855747429E8 3.0515447372341543E8
2020-08-07_02:12:56 -6.455233495099764E8 -2.8422096283979833E8 3.095908761947401E8
2020-08-11_10:11:01 -6.434421075943515E8 -2.8344066063026726E8 3.1400229961202997E8
2020-08-15_18:09:05 -6.413491504512714E8 -2.8264824735409355E8 3.184066188818126E8
2020-08-20_02:07:10 -6.39215861382861E8 -2.81838115382178E8 3.227978462731152E8
2020-08-24_10:05:15 -6.370679351132935E8 -2.810283995515687E8 3.271758765576086E8
2020-08-28_18:03:20 -6.348966499247981E8 -2.8020127283857834E8 3.315405328834066E8
2020-09-02_02:01:25 -6.326821835675356E8 -2.793621794718473E8 3.3589280712511605E8
2020-09-06_09:59:29 -6.304587707127908E8 -2.7851226630602235E8 3.4023096764160126E8
2020-09-10_17:57:34 -6.281957357802598E8 -2.776449023177847E8 3.445541328631761E8
2020-09-15_01:55:39 -6.259185333563352E8 -2.767778075237405E8 3.488632660462795E8
2020-09-19_09:53:44 -6.236182368983469E8 -2.758939662865026E8 3.5315783990868497E8
2020-09-23_17:51:49 -6.212745655180918E8 -2.749977198184372E8 3.574405643763989E8
2020-09-28_01:49:53 -6.189237905675665E8 -2.740915219297089E8 3.61704551972845E8
2020-10-02_09:47:58 -6.165427259737684E8 -2.731717425807816E8 3.65963596243831E8
2020-10-06_17:46:03 -6.141268315759269E8 -2.722434225901515E8 3.70192633400715E8
2020-10-11_01:44:08 -6.116990555999305E8 -2.713031540290117E8 3.744135597202942E8
2020-10-15_09:42:13 -6.092309126713177E8 -2.703450475086721E8 3.786201777153377E8
2020-10-19_17:40:17 -6.067512968873286E8 -2.6938819067918473E8 3.8280776512530935E8
2020-10-24_01:38:22 -6.042481645244577E8 -2.6841452401977342E8 3.869811363696907E8
2020-10-28_08:36:27 -6.017024514492851E8 -2.6742857492895254E8 3.911403852069023E8
2020-11-01_16:34:32 -5.991710326196047E8 -2.6644185811074108E8 3.9524259027726185E8
2020-11-06_00:32:37 -5.965943186452156E8 -2.6543548810582215E8 3.993657111836117E8
2020-11-10_08:30:41 -5.939737879006172E8 -2.644162297196755E8 4.034769397191346E8
2020-11-14_16:28:46 -5.91346845111766E8 -2.6338754096507072E8 4.075683014494025E8
2020-11-19_00:26:51 -5.886898859015921E8 -2.6234531019148132E8 4.1165222331780434E8
2020-11-23_08:24:56 -5.860012227021403E8 -2.6129560232210404E8 4.157025087868444E8
2020-11-27_16:23:01 -5.833020508706311E8 -2.6023475093319482E8 4.1974092957394487E8
2020-12-02_00:21:05 -5.805610144899074E8 -2.5915532060206077E8 4.237665328845133E8
2020-12-06_08:19:10 -5.778097740612688E8 -2.5807766403390613E8 4.277712943598707E8
2020-12-10_16:17:15 -5.750369848282777E8 -2.5698369875758997E8 4.3175814535332143E8
2020-12-15_00:15:20 -5.722214858125858E8 -2.5587739037369066E8 4.357296771734624E8
2020-12-19_08:13:25 -5.694014982565389E8 -2.5476262994116214E8 4.396793507246405E8
2020-12-23_16:11:29 -5.665404494412885E8 -2.5362960630167645E8 4.436143660472E8
2020-12-28_00:09:34 -5.63669741312292E8 -2.5249816450448394E8 4.4752792997395486E8
2021-01-01_08:07:39 -5.607777108809211E8 -2.5135117984926605E8 4.514228630304802E8
2021-01-05_16:05:44 -5.578444329163362E8 -2.5019203362272465E8 4.553004518843083E8
2021-01-10_00:03:49 -5.549054187736126E8 -2.4902403673191175E8 4.5915725583158445E8
2021-01-14_08:01:53 -5.519358215971065E8 -2.478421089949101E8 4.630053832010478E8
2021-01-18_15:59:58 -5.489388542913085E8 -2.4665425442359316E8 4.668154599749992E8
2021-01-22_23:58:03 -5.459301310050042E8 -2.4545495815940136E8 4.706144418537034E8
2021-01-27_07:56:08 -5.428827569349291E8 -2.4423840869057477E8 4.743943790711868E8
2021-01-31_15:54:13 -5.398262706834761E8 -2.4302343164074823E8 4.7815267577549255E8
2021-02-04_23:52:17 -5.367491320708577E8 -2.4179341253174758E8 4.818908856481564E8
2021-02-09_07:50:22 -5.3363018105888504E8 -2.405507116898841E8 4.856118423772619E8
2021-02-13_15:48:27 -5.3050841566533864E8 -2.393005643938241E8 4.8930839011315286E8
2021-02-17_23:46:32 -5.273550448630156E8 -2.3803634072799855E8 4.9299594291708344E8
2021-02-22_07:44:37 -5.241771280030804E8 -2.3676652920627463E8 4.966435854013717E8
2021-02-26_15:42:41 -5.2098802281407547E8 -2.3548603581859577E8 5.002784018973148E8
2021-03-02_23:40:46 -5.177589931264474E8 -2.3418769589711544E8 5.038950498781682E8
2021-03-07_07:38:51 -5.145245009122305E8 -2.328925642421701E8 5.074857356211643E8
2021-03-11_15:36:56 -5.112693507326233E8 -2.3158190253948453E8 5.1105621441797864E8
2021-03-15_23:35:01 -5.079725232656652E8 -2.3025870982211939E8 5.1460802224969083E8
2021-03-20_07:33:05 -5.0467394458987653E8 -2.289287198019154E8 5.181351707899142E8
2021-03-24_15:31:10 -5.013370574552768E8 -2.2758155914165762E8 5.2164182924309665E8
2021-03-29_00:29:15 -4.979937973383069E8 -2.2623669246621805E8 5.2512403672187126E8
2021-04-02_08:27:20 -4.945916034677667E8 -2.2486053387128145E8 5.286284205336856E8
2021-04-06_16:25:25 -4.9119772483752435E8 -2.2349297953980672E8 5.320573383762499E8
2021-04-11_00:23:29 -4.8779302235616344E8 -2.221148352479084E8 5.3547193537065226E8
2021-04-15_08:21:34 -4.8434991959685296E8 -2.207194345614436E8 5.388657748088328E8
2021-04-19_16:19:39 -4.8090157335672134E8 -2.1932701153592566E8 5.42233919709867E8
2021-04-24_00:17:44 -4.774344984571753E8 -2.1792016342935452E8 5.455793515252687E8
2021-04-28_08:15:49 -4.739265951174871E8 -2.1650078664843965E8 5.489042666326036E8
2021-05-02_16:13:53 -4.704198713478919E8 -2.150761472692229E8 5.522018474180051E8
2021-05-07_00:11:58 -4.668731702455907E8 -2.1363354057983434E8 5.554796370223283E8
2021-05-11_08:10:03 -4.633233138216028E8 -2.121943023636561E8 5.587301029109238E8
2021-05-15_16:08:08 -4.5975531839848715E8 -2.1074168453577194E8 5.619568355356189E8
2021-05-20_00:06:13 -4.5614688172837496E8 -2.0927622490350583E8 5.651626727024755E8
2021-05-24_08:04:17 -4.525406006762557E8 -2.0780604166993967E8 5.68339751125595E8
2021-05-28_16:02:22 -4.489017671560385E8 -2.063209287788166E8 5.715047844216514E8
2021-06-02_00:00:27 -4.452467620523871E8 -2.0483369472871032E8 5.746251710113211E8
2021-06-06_07:58:32 -4.415812891847098E8 -2.0333637437183657E8 5.777298238423394E8
2021-06-10_15:56:37 -4.3787891753856134E8 -2.0182240625539872E8 5.808108184549307E8
2021-06-14_23:54:41 -4.3417365495343864E8 -2.0031162289128214E8 5.838648855548142E8
2021-06-19_07:52:46 -4.304515913121307E8 -1.98788249126815E8 5.86893511289453E8
2021-06-23_15:50:51 -4.266896205959189E8 -1.9725195013588122E8 5.899002097583517E8
2021-06-27_23:48:56 -4.229302844716054E8 -1.9571138651955858E8 5.928779488122195E8
2021-07-02_07:47:01 -4.191400568417596E8 -1.941569253653791E8 5.958405511058816E8
2021-07-06_15:45:05 -4.153365341393909E8 -1.9260057876815015E8 5.987582946008518E8
2021-07-10_23:43:10 -4.115231110743818E8 -1.9103500444740346E8 6.016585285229867E8
2021-07-15_07:41:15 -4.0767155044437736E8 -1.894521852578014E8 6.045356019664029E8
2021-07-19_15:39:20 -4.03820328848918E8 -1.8787397347232294E8 6.073831971599432E8
2021-07-23_23:37:25 -3.999546062215565E8 -1.862837506561524E8 6.102035896084591E8
2021-07-28_07:35:29 -3.960485680511584E8 -1.846804420302201E8 6.130010247292719E8
2021-08-01_15:33:34 -3.921470032188522E8 -1.8307391215396577E8 6.157693074963621E8
2021-08-05_23:31:39 -3.8820819620943385E8 -1.8145052034440202E8 6.185132009650335E8
2021-08-10_07:29:44 -3.842721881733603E8 -1.7983227922860903E8 6.212262410467302E8
2021-08-14_15:27:49 -3.8031959073050237E8 -1.782019510863629E8 6.239133368714426E8
2021-08-18_23:25:53 -3.7632879262591976E8 -1.7655890311540598E8 6.26575855777897E8
2021-08-23_07:23:58 -3.723432081787914E8 -1.749131106270653E8 6.292081511045847E8
2021-08-27_15:22:03 -3.683259303094079E8 -1.732526994613367E8 6.31823843235513E8
2021-08-31_23:20:08 -3.6430281641918427E8 -1.715937931809138E8 6.343915207171761E8
2021-09-05_07:18:13 -3.602690226737137E8 -1.6992539646421534E8 6.369411243606939E8
2021-09-09_15:16:17 -3.561987383048049E8 -1.6824038817869154E8 6.39464877250992E8
2021-09-13_23:14:22 -3.521319143310233E8 -1.6656050704435265E8 6.41958121147395E8
2021-09-18_07:12:27 -3.4805245915031755E8 -1.6487050995493317E8 6.444221248956897E8
2021-09-22_15:10:32 -3.439340697401697E8 -1.6316715848963824E8 6.468616030692589E8
2021-09-26_23:08:37 -3.398232900637279E8 -1.6146238363917777E8 6.492696489047302E8
2021-10-01_07:06:41 -3.356801086803312E8 -1.5974295890739635E8 6.516598571200275E8
2021-10-05_15:04:46 -3.3153358924800783E8 -1.5802514063229343E8 6.54002709658441E8
2021-10-09_23:02:51 -3.273795119655094E8 -1.5629974546523976E8 6.563239464303412E8
2021-10-14_07:00:56 -3.231885831749349E8 -1.5455757982991943E8 6.58619623690743E8
2021-10-18_14:59:01 -3.190030151224162E8 -1.528213880216088E8 6.608835571560335E8
2021-10-22_22:57:05 -3.148049503755113E8 -1.5107473003421205E8 6.631185639433447E8
2021-10-27_06:55:10 -3.105712298555611E8 -1.4931614770027632E8 6.653254743069149E8
2021-10-31_13:53:15 -3.0634572866858405E8 -1.4755665261536434E8 6.675019405184252E8
2021-11-04_21:51:20 -3.0214386705819756E8 -1.4580641314147732E8 6.696282565471674E8
2021-11-09_05:49:25 -2.978680876420386E8 -1.4402759047671008E8 6.717475986764504E8
2021-11-13_13:47:29 -2.9360274684700084E8 -1.422488805379726E8 6.738352963262192E8
2021-11-17_21:45:34 -2.893033103114767E8 -1.4045459223878384E8 6.75894243850676E8
2021-11-22_05:43:39 -2.850105260698237E8 -1.3866615668855798E8 6.779219074175133E8
2021-11-26_13:41:44 -2.807063944745284E8 -1.3686869298936406E8 6.799195020292788E8
2021-11-30_21:39:49 -2.7636668467363536E8 -1.3505867814259264E8 6.81888877330796E8
2021-12-05_05:37:53 -2.720391816151792E8 -1.33249724937224E8 6.83825312905575E8
2021-12-09_13:35:58 -2.6767885236108273E8 -1.3142560805743825E8 6.857412772593273E8
2021-12-13_21:34:03 -2.6332187244878408E8 -1.2960597870734118E8 6.876099487901742E8
2021-12-18_05:32:08 -2.5895755939886785E8 -1.2777907343010734E8 6.894558059682595E8
2021-12-22_13:30:13 -2.5455917711567804E8 -1.2593656943692875E8 6.912722191243502E8
2021-12-26_21:28:17 -2.501719406386622E8 -1.2410155540553762E8 6.930556938115267E8
2021-12-31_05:26:22 -2.4577322931795666E8 -1.2225770098658648E8 6.948091163126519E8
2022-01-04_13:24:27 -2.4134013322041446E8 -1.2040150257534605E8 6.965328234848709E8
2022-01-08_21:22:32 -2.369200670171139E8 -1.1854699230552019E8 6.982239168478234E8
2022-01-13_05:20:37 -2.3246801319695646E8 -1.166777853158367E8 6.998845269881654E8
2022-01-17_13:18:41 -2.2802570027025366E8 -1.148152316847223E8 7.015132033529087E8
2022-01-21_21:16:46 -2.2357422449530587E8 -1.1294504678497674E8 7.031107359486514E8
2022-01-26_05:14:51 -2.190892941079651E8 -1.1106267203486079E8 7.046776632847266E8
2022-01-30_13:12:56 -2.1461803878651762E8 -1.091824697268265E8 7.062122321222364E8
2022-02-03_21:11:01 -2.1011780859307966E8 -1.0728874767796949E8 7.077220058190093E8
2022-02-08_05:09:05 -2.0562441538078952E8 -1.0540045878678656E8 7.091863075712068E8
2022-02-12_13:07:10 -2.0112570331157288E8 -1.0350623773700733E8 7.106258362377875E8
2022-02-16_21:05:15 -1.9659403214063564E8 -1.015968706710087E8 7.120339002143269E8
2022-02-21_05:03:20 -1.9207574030037373E8 -9.969540025385922E7 7.134095258409516E8
2022-02-25_13:01:25 -1.8755137250503662E8 -9.778789134365304E7 7.147525638887962E8
2022-03-01_20:59:29 -1.829933054980212E8 -9.586776179784803E7 7.160644648371943E8
2022-03-06_04:57:34 -1.7845090156036463E8 -9.395098561166584E7 7.173436788820974E8
2022-03-10_12:55:39 -1.7387866746857163E8 -9.202027750910807E7 7.185973556366404E8
2022-03-14_20:53:44 -1.6931926931055498E8 -9.009726868587598E7 7.198053739603548E8
2022-03-19_04:51:49 -1.6475341198172715E8 -8.816811804583316E7 7.209879915381267E8
2022-03-23_12:49:53 -1.6015708401825526E8 -8.622487140786688E7 7.221378344820539E8
2022-03-27_21:47:58 -1.555756638815371E8 -8.429011395652509E7 7.232550416044519E8
2022-04-01_05:46:03 -1.509243467737513E8 -8.232156246704951E7 7.243501030355189E8
2022-04-05_13:44:08 -1.463306672712966E8 -8.037966527843319E7 7.25401628816397E8
2022-04-09_21:42:13 -1.4172964487031105E8 -7.843152840618743E7 7.26420816050896E8
2022-04-14_05:40:17 -1.370981953410869E8 -7.647177309407517E7 7.274069692434618E8
2022-04-18_13:38:22 -1.3248484385929002E8 -7.451676696724778E7 7.283604036107029E8
2022-04-22_21:36:27 -1.2784404427405676E8 -7.254891269475748E7 7.292858940460193E8
2022-04-27_05:34:32 -1.2321687806497507E8 -7.058861474703835E7 7.301679609855449E8
2022-05-01_13:32:37 -1.1858667008909547E8 -6.862405875065821E7 7.310230144010943E8
2022-05-05_21:30:41 -1.1392670584180799E8 -6.664569966306343E7 7.318439879417104E8
2022-05-10_05:28:46 -1.092845955923442E8 -6.467642358995234E7 7.326326026143981E8
2022-05-14_13:26:51 -1.0463981902529524E8 -6.2703233359872125E7 7.333879642510278E8
2022-05-18_21:24:56 -9.996396390541027E7 -6.071779403691976E7 7.341093262471476E8
2022-05-23_05:23:01 -9.530898612682453E7 -5.873864645106952E7 7.347984367046984E8
2022-05-27_13:21:05 -9.062585132259765E7 -5.674651074789347E7 7.354579551734469E8
2022-05-31_21:19:10 -8.596210941423371E7 -5.476367993101478E7 7.36075342240955E8
2022-06-05_05:17:15 -8.129433346730222E7 -5.277664582214407E7 7.366646473840804E8
2022-06-09_13:15:20 -7.659919378801416E7 -5.077686833947785E7 7.372190308760645E8
2022-06-13_21:13:25 -7.192349373259285E7 -4.878670108922946E7 7.377413994102789E8
2022-06-18_05:11:29 -6.724546688643506E7 -4.679268334225432E7 7.382303031597846E8
2022-06-22_13:09:34 -6.254078547362892E7 -4.478819467455925E7 7.386838287838024E8
2022-06-26_21:07:39 -5.785735384980385E7 -4.279045410639673E7 7.391058348459189E8
2022-07-01_05:05:44 -5.3146308799014285E7 -4.077985200003496E7 7.394922671323339E8
2022-07-05_13:03:49 -4.845660317585453E7 -3.8779280710899115E7 7.398471246866524E8
2022-07-09_21:01:53 -4.3766786744089186E7 -3.677638166232356E7 7.401680533648077E8
2022-07-14_04:59:58 -3.9049112091998726E7 -3.476208573053439E7 7.404535132732276E8
2022-07-18_12:58:03 -3.435411409357545E7 -3.2755356409523815E7 7.407073515211945E8
2022-07-22_20:56:08 -2.9633233970317345E7 -3.0736465933445536E7 7.409290673877234E8
2022-07-27_04:54:13 -2.4934524570926815E7 -2.8727865441139102E7 7.411115561397122E8
2022-07-31_12:52:17 -2.0236944129778825E7 -2.671761755586095E7 7.412645688138279E8
2022-08-04_20:50:22 -1.5513049297570478E7 -2.4695082405275155E7 7.41380836982724E8
2022-08-09_04:48:27 -1.0811840633737667E7 -2.2682964854204185E7 7.414660597021106E8
2022-08-13_12:46:32 -6110742.409012091 -2.066863605644709E7 7.415177272895381E8
2022-08-17_20:44:37 -1385623.6730765812 -1.8644380172451157E7 7.415325523821305E8
2022-08-22_04:42:41 3315167.6471124743 -1.662870364873997E7 7.415166960190552E8
2022-08-26_12:40:46 8041203.586055979 -1.460120848666484E7 7.414636014093425E8
2022-08-30_20:38:51 1.274258849642099E7 -1.25846303577239E7 7.413799793767499E8
2022-09-04_04:36:56 1.7442913170537606E7 -1.056672866893826E7 7.412627476767324E8
2022-09-08_12:35:01 2.2165536785796408E7 -8539273.770589203 7.411082004081554E8
2022-09-12_20:33:05 2.68640734506369E7 -6520518.7622816 7.409233508786322E8
2022-09-17_04:31:10 3.1586299019129004E7 -4490582.906914527 7.407035743174478E8
2022-09-21_12:29:15 3.6282485505991675E7 -2472033.648308752 7.404483014230579E8
2022-09-25_20:27:20 4.0975905130973026E7 -453048.731494749 7.401620970986295E8
2022-09-30_04:25:25 4.5691549009544976E7 1576429.1036425887 7.398380899701192E8
2022-10-04_12:23:29 5.038217548326863E7 3595184.259371737 7.394842824551684E8
2022-10-08_20:21:34 5.5070244619678214E7 5614295.712956574 7.390966400024135E8
2022-10-13_04:19:39 5.977997967336294E7 7643023.081498046 7.3867118438219E8
2022-10-17_12:17:44 6.446119022226254E7 9660805.647250894 7.382161921145917E8
2022-10-21_20:15:49 6.916599878755862E7 1.1689702340867052E7 7.377249906292528E8
2022-10-26_04:13:53 7.384272793753226E7 1.3706722598128408E7 7.372001860271599E8
2022-10-30_11:11:58 7.851609294571005E7 1.5723562421363126E7 7.366441752950282E8
2022-11-03_19:10:03 8.316904631895192E7 1.7732425303381085E7 7.36056342588044E8
2022-11-08_03:08:08 8.783341397237925E7 1.974666602366806E7 7.354316371210644E8
2022-11-12_11:06:13 9.249543286989105E7 2.1761051101047605E7 7.34774864089338E8
2022-11-16_19:04:17 9.717707260483918E7 2.3784787999357775E7 7.340795551123005E8
2022-11-21_03:02:22 1.018305027682191E8 2.5796842208323706E7 7.333557046905788E8
2022-11-25_11:00:27 1.064775938351122E8 2.780728160003475E7 7.325983462434614E8
2022-11-29_18:58:32 1.1114613725649269E8 2.9827654764995772E7 7.318021429414245E8
2022-12-04_02:56:37 1.1578404027573645E8 3.1835721792708445E7 7.309777876906519E8
2022-12-08_10:54:41 1.2044205729240093E8 3.3853333426407166E7 7.301143794940673E8
2022-12-12_18:52:46 1.2506997812018381E8 3.585870704366304E7 7.292230479439188E8
2022-12-17_02:50:51 1.2969063983408573E8 3.786176978892629E7 7.282988713087174E8
2022-12-21_10:48:56 1.3433062722172397E8 3.9874112532900184E7 7.273352540420284E8
2022-12-25_18:47:01 1.3894079751826707E8 4.187428375740539E7 7.263439719092394E8
2022-12-30_02:45:05 1.4356922378650776E8 4.38831904198645E7 7.253141164399086E8
2023-01-03_10:43:10 1.4816479127451196E8 4.5878875435320884E7 7.242561459648467E8
2023-01-07_18:41:15 1.5275436068661818E8 4.787258878612588E7 7.231657695596037E8
2023-01-12_02:39:20 1.573622645661768E8 4.987506840307086E7 7.22035465903569E8
2023-01-16_10:37:25 1.619383843678074E8 5.186490148418214E7 7.208785671132591E8
2023-01-20_18:35:29 1.6650708728744653E8 5.3852041332806416E7 7.196888711114097E8
2023-01-25_02:33:34 1.710905004478205E8 5.5846793645781755E7 7.184599317548699E8
2023-01-29_10:31:39 1.756438279917502E8 5.782892652434532E7 7.172044197632693E8
2023-02-02_18:29:44 1.8021352794986132E8 5.981896325974564E7 7.159088930658674E8
2023-02-07_02:27:49 1.847505091364394E8 6.1796149651097424E7 7.145878321195744E8
2023-02-11_10:25:53 1.8927753030282342E8 6.376934830189791E7 7.132342266744674E8
2023-02-15_18:23:58 1.938211631407021E8 6.5750529421543755E7 7.118408565789278E8
2023-02-20_02:22:03 1.983319605130453E8 6.771900155344607E7 7.104218655359544E8
2023-02-24_10:20:08 2.0283406554885682E8 6.968380070751227E7 7.089701966378679E8
2023-02-28_18:18:13 2.0735088654895166E8 7.165660173717362E7 7.07478794903896E8
2023-03-05_02:16:17 2.1183186389777833E8 7.36139443781439E7 7.059631120646285E8
2023-03-09_10:14:22 2.1632972251936853E8 7.557938118941972E7 7.044068391275828E8
2023-03-13_18:12:27 2.207931287364423E8 7.753156700613281E7 7.028257168765668E8
2023-03-18_02:10:32 2.252466952122509E8 7.947947015066771E7 7.012127908425769E8
2023-03-22_10:08:37 2.297116798843035E8 8.143410424066515E7 6.995605942947692E8
2023-03-26_19:06:41 2.3414437889942452E8 8.33746031439057E7 6.978834230641773E8
2023-03-31_03:04:46 2.386291238503451E8 8.533844350842172E7 6.96151132334706E8
2023-04-04_11:02:51 2.4303989743772662E8 8.727218294295104E7 6.944097312451069E8
2023-04-08_19:00:56 2.4743986264679477E8 8.920083891539386E7 6.926369578202649E8
2023-04-13_02:59:01 2.518507577842229E8 9.113630726029445E7 6.908245708513062E8
2023-04-17_10:57:05 2.5622708964346272E8 9.305644893798812E7 6.889887419800273E8
2023-04-21_18:55:10 2.606164015782658E8 9.498295912111223E7 6.871126322348198E8
2023-04-26_02:53:15 2.649695402886784E8 9.68958783864494E7 6.852135049384205E8
2023-04-30_10:51:20 2.693109910255814E8 9.880330899547048E7 6.832831660116305E8
2023-05-04_18:49:25 2.7366132367598677E8 1.0071677079574923E8 6.8131360185955E8
2023-05-09_02:47:29 2.779779483392276E8 1.0261506348551454E8 6.793210663551728E8
2023-05-13_10:45:34 2.823048074176687E8 1.0451846310326006E8 6.772864297935933E8
2023-05-17_18:43:39 2.865961886210087E8 1.0640890282991448E8 6.752337243555653E8
2023-05-22_02:41:44 2.9087213211149013E8 1.08291955307719E8 6.731492820450945E8
2023-05-26_10:39:49 2.9516038798502743E8 1.101810686895828E8 6.710236898460504E8
2023-05-30_18:37:53 2.9941108236432797E8 1.1205630240787262E8 6.688770212769315E8
2023-06-04_02:35:58 3.036486877028063E8 1.1392511538123196E8 6.666996610434252E8
2023-06-08_10:34:03 3.0789454652181333E8 1.1580001702152243E8 6.644827517877015E8
2023-06-12_18:32:08 3.1210302777966E8 1.17657815948115E8 6.62245508297667E8
2023-06-17_02:30:13 3.1632061518963665E8 1.1952017056241652E8 6.59964958703153E8
2023-06-21_10:28:17 3.205022130072287E8 1.2136969366344205E8 6.576692418252938E8
2023-06-25_18:26:22 3.24668583397222E8 1.2321159322611411E8 6.5534075848463E8
2023-06-30_02:24:27 3.288415098234388E8 1.2505702140539463E8 6.52973867754806E8
2023-07-04_10:22:32 3.3297757215375525E8 1.2688935969978371E8 6.505858652428873E8
2023-07-08_18:20:37 3.3709920772888875E8 1.2871402861768861E8 6.481684374299725E8
2023-07-13_02:18:41 3.4122774419350684E8 1.3054468186147155E8 6.457113441390625E8
2023-07-17_10:16:46 3.4531768591697985E8 1.323573522261115E8 6.432350591386743E8
2023-07-21_18:14:51 3.4941419002564096E8 1.341735510207278E8 6.407197980849925E8
2023-07-26_02:12:56 3.5347251071490914E8 1.3597609269648027E8 6.381848749935907E8
2023-07-30_10:11:01 3.5751566028662175E8 1.3777078665462628E8 6.35620972729103E8
2023-08-03_18:09:05 3.6156365477086866E8 1.3957059883481553E8 6.330177698180332E8
2023-08-08_02:07:10 3.6557267600249743E8 1.4135204097842723E8 6.303970992012147E8
2023-08-12_10:05:15 3.695870771570555E8 1.4313639771711004E8 6.277327725547322E8
2023-08-16_18:03:20 3.735650256626611E8 1.449082335282381E8 6.250573165418956E8
2023-08-21_02:01:25 3.775244008357391E8 1.4667044312235168E8 6.22350388951009E8
2023-08-25_09:59:29 3.814896669901662E8 1.4843585440686172E8 6.196039391687936E8
2023-08-29_17:57:34 3.8541308652615935E8 1.501863253271163E8 6.168413695190873E8
2023-09-03_01:55:39 3.893211262932609E8 1.5192855058983636E8 6.140497151506408E8
2023-09-07_09:53:44 3.932327108890935E8 1.5367559567778552E8 6.112191630766548E8
2023-09-11_17:51:49 3.9710488793174374E8 1.5540378908237872E8 6.083722291123452E8
2023-09-16_01:49:53 4.009776382849372E8 1.571329441569856E8 6.054833487694037E8
2023-09-20_09:47:58 4.048157079577873E8 1.5885024266568363E8 6.025850973987021E8
2023-09-24_17:46:03 4.0863363092500085E8 1.6055713984169626E8 5.996553063960613E8
2023-09-29_01:44:08 4.1245460641931766E8 1.6226594609547755E8 5.966877168243277E8
2023-10-03_09:42:13 4.1623451364645636E8 1.6396070203672278E8 5.937039254795194E8
2023-10-07_17:40:17 4.199954739783531E8 1.656448484260627E8 5.906943579378264E8
2023-10-12_01:38:22 4.2375927712430364E8 1.6733406522131503E8 5.87645600303346E8
2023-10-16_09:36:27 4.274825932103071E8 1.6900359431758252E8 5.84581873837116E8
2023-10-20_17:34:32 4.3120872569173664E8 1.7067494542673114E8 5.814799878887706E8
2023-10-25_01:32:37 4.34891730570797E8 1.7233127436242318E8 5.783643064703732E8
2023-10-29_08:30:41 4.385572867189173E8 1.7397792754125705E8 5.752216930251642E8
2023-11-02_16:28:46 4.421920708631745E8 1.7561180806847492E8 5.720700028962116E8
2023-11-07_00:26:51 4.458169117051208E8 1.7724517765994194E8 5.688758039684193E8
2023-11-11_08:24:56 4.49422734508375E8 1.7886806086264852E8 5.656558125399487E8
2023-11-15_16:23:01 4.530266920401731E8 1.8049401250483432E8 5.623996195470964E8
2023-11-20_00:21:05 4.565919916576605E8 1.8210076072301117E8 5.591288209638984E8
2023-11-24_08:19:10 4.6015381976550275E8 1.8370641955955607E8 5.558161597967253E8
2023-11-28_16:17:15 4.6368026627179205E8 1.8530097834849527E8 5.52499830863051E8
2023-12-03_00:15:20 4.6718270756746435E8 1.8688255093114597E8 5.491539104930313E8
2023-12-07_08:13:25 4.706843780174921E8 1.884643248673858E8 5.457722061937352E8
2023-12-11_16:11:29 4.741440694870963E8 1.9003198555518648E8 5.423769917216104E8
2023-12-16_00:09:34 4.775837214843502E8 1.915883936172538E8 5.389574960637985E8
2023-12-20_08:07:39 4.810210155492447E8 1.931479447039121E8 5.355009734754262E8
2023-12-24_16:05:44 4.844161166452416E8 1.9468641273815122E8 5.3203472405210364E8
2023-12-29_00:03:49 4.878068554838245E8 1.9622363711409676E8 5.2852582346074194E8
2024-01-02_08:01:53 4.9116288364722854E8 1.977497931061814E8 5.250150464114875E8
2024-01-06_15:59:58 4.944937890393539E8 1.9926242312844923E8 5.214761184489054E8
2024-01-10_23:58:03 4.9782228740677017E8 2.0077453709722462E8 5.1790104664833796E8
2024-01-15_07:56:08 5.0110628331406975E8 2.02271992698099E8 5.143167923652142E8
2024-01-19_15:54:13 5.04370423550115E8 2.037573577087514E8 5.1070804409670866E8
2024-01-23_23:52:17 5.076304359325926E8 2.05245684410786E8 5.0706401792192066E8
2024-01-28_07:50:22 5.108486432112538E8 2.067127577662036E8 5.034099393801588E8
2024-02-01_15:48:27 5.140633656146369E8 2.0817880491025954E8 4.997215284801648E8
2024-02-05_23:46:32 5.172350369485328E8 2.0963068799544537E8 4.9602253095017564E8
2024-02-10_07:44:37 5.203849357716853E8 2.1107007377781296E8 4.9230121616067255E8
2024-02-14_15:42:41 5.2352916493630385E8 2.1251159549925253E8 4.8854535920696247E8
2024-02-18_23:40:46 5.2663241613970494E8 2.139320445079848E8 4.8478025158422536E8
2024-02-23_07:38:51 5.297252225587155E8 2.1534824418649483E8 4.8097691522102636E8
2024-02-27_15:36:56 5.327855313232927E8 2.1675535783547315E8 4.7717389342732435E8
2024-03-02_23:35:01 5.358178037780164E8 2.1814688173611417E8 4.733442653592996E8
2024-03-07_07:33:05 5.388453812577748E8 2.195368425880861E8 4.6948123783854145E8
2024-03-11_15:31:10 5.418275680715915E8 2.2091219858117533E8 4.656111341502055E8
2024-03-15_23:29:15 5.447883704134362E8 2.2227425335090953E8 4.6171911215055513E8
2024-03-20_07:27:20 5.477418275871488E8 2.236383130830325E8 4.577932124867023E8
2024-03-24_15:25:25 5.506537775105839E8 2.249807113584162E8 4.538606307039554E8
2024-03-28_23:23:29 5.535602916742027E8 2.263212027840112E8 4.498944002843427E8
2024-04-02_08:21:34 5.564209388073559E8 2.2764673314316255E8 4.459226804006707E8
2024-04-06_16:19:39 5.592960911744659E8 2.2897498108521962E8 4.418752705845061E8
2024-04-11_00:17:44 5.621142746130879E8 2.302835237075565E8 4.378676688919066E8
2024-04-15_08:15:49 5.649023517735487E8 2.3157518155468923E8 4.338357576208322E8
2024-04-19_16:13:53 5.676833981930356E8 2.328642056837042E8 4.297728333138835E8
2024-04-24_00:11:58 5.704204121502556E8 2.34139216969117E8 4.2570236903778446E8
2024-04-28_08:10:03 5.731337197710216E8 2.3540016894782522E8 4.216133645722848E8
2024-05-02_16:08:08 5.758378310286301E8 2.366623072220866E8 4.1749222949333197E8
2024-05-07_00:06:13 5.785002705481321E8 2.3790235321025488E8 4.1336644296601474E8
2024-05-11_08:04:17 5.811474521729739E8 2.3913632446145442E8 4.0920511474118537E8
2024-05-15_16:02:22 5.837641948672504E8 2.4036199609696272E8 4.050477089199851E8
2024-05-20_00:00:27 5.863496979719576E8 2.4157033014671263E8 4.008672290418241E8
2024-05-24_07:58:32 5.889272872605423E8 2.4277562850355446E8 3.9665603592793316E8
2024-05-28_15:56:37 5.914587169617707E8 2.4396653777703398E8 3.9244218377770454E8
2024-06-01_23:54:41 5.939668642151129E8 2.4514261647618353E8 3.882093316738472E8
2024-06-06_07:52:46 5.964644296303219E8 2.4631983709004337E8 3.8394645339386743E8
2024-06-10_15:50:51 5.989198140003401E8 2.474744386499625E8 3.7967957862175363E8
2024-06-14_23:48:56 6.013666761487197E8 2.486257051884246E8 3.75383037422442E8
2024-06-19_07:47:01 6.037673004826117E8 2.4976237440108874E8 3.710848127838246E8
2024-06-23_15:45:05 6.061439662732767E8 2.508844084875773E8 3.6676853055121046E8
2024-06-27_23:43:10 6.085089715977789E8 2.520069053461796E8 3.6242325626960427E8
2024-07-02_07:41:15 6.10832387138614E8 2.5310685858009303E8 3.5807505987995553E8
2024-07-06_15:39:20 6.131380700557704E8 2.5419929093210116E8 3.536935553780331E8
2024-07-10_23:37:25 6.154136421746535E8 2.5528460720683542E8 3.493203015376435E8
2024-07-15_07:35:29 6.176564524627471E8 2.5635113565904593E8 3.449257726006745E8
2024-07-19_15:33:34 6.198892734297761E8 2.574136096676037E8 3.405032443260018E8
2024-07-23_23:31:39 6.220766512952417E8 2.5846204454489103E8 3.360787278180324E8
2024-07-28_07:29:44 6.24237971131978E8 2.5949466582043177E8 3.31641218198759E8
2024-08-01_15:27:49 6.263870570075102E8 2.6052773084409815E8 3.271742963085163E8
2024-08-05_23:25:53 6.284947238742983E8 2.6153803646727338E8 3.2270647663138777E8
2024-08-10_07:23:58 6.30591286274517E8 2.6254382582138842E8 3.1821146128162813E8
2024-08-14_15:22:03 6.326422823266399E8 2.6353563502912512E8 3.137159210941673E8
2024-08-18_23:20:08 6.346671800856394E8 2.645114318503856E8 3.0920800977138E8
2024-08-23_07:18:13 6.366787429333631E8 2.654873139651024E8 3.0467203388483995E8
2024-08-27_15:16:17 6.386490177051569E8 2.664403309892541E8 3.001361586347921E8
2024-08-31_23:14:22 6.405985531088164E8 2.6738444091848195E8 2.955697813135461E8
2024-09-05_07:12:27 6.425199886909764E8 2.683226657582488E8 2.910138061678883E8
2024-09-09_15:10:32 6.444068371657249E8 2.6924082756146383E8 2.864390137824077E8
2024-09-13_23:08:37 6.462817866556772E8 2.7015406779645336E8 2.8183938323457783E8
2024-09-18_07:06:41 6.481111990487046E8 2.7105357473474413E8 2.77240212566416E8
2024-09-22_15:04:46 6.499145321414701E8 2.719367678357689E8 2.7262931502436554E8
2024-09-26_23:02:51 6.517025064201658E8 2.728193770473962E8 2.6799507872498176E8
2024-10-01_07:00:56 6.534497863648694E8 2.736791422934794E8 2.6336050000204578E8
2024-10-05_14:59:01 6.551745759496983E8 2.745291588606626E8 2.5869831554968825E8
2024-10-09_22:57:05 6.568731593624786E8 2.7537432477152044E8 2.5404505710735238E8
2024-10-14_06:55:10 6.585350910163118E8 2.7619823499902546E8 2.4937890762490317E8
2024-10-18_14:53:15 6.601847113808966E8 2.7701704155559087E8 2.4468733763523898E8
2024-10-22_22:51:20 6.6178859258076E8 2.778225299901562E8 2.399983204981852E8
2024-10-27_05:49:25 6.633664233398111E8 2.786107962635713E8 2.3529890561095774E8
2024-10-31_13:47:29 6.649176650798234E8 2.793881090957975E8 2.3061989615537792E8
2024-11-04_21:45:34 6.664360819814025E8 2.801577497764342E8 2.2590231818868318E8
2024-11-09_05:43:39 6.679287309524682E8 2.8091019397267944E8 2.2117312459042966E8
2024-11-13_13:41:44 6.694049674111991E8 2.816621938596182E8 2.1642230748892245E8
2024-11-17_21:39:49 6.708403472765706E8 2.82390857034899E8 2.1167409715678963E8
2024-11-22_05:37:53 6.72261295183106E8 2.8311348442482436E8 2.0690669386467928E8
2024-11-26_13:35:58 6.736373741225716E8 2.838229812871146E8 2.0214074766542587E8
2024-11-30_21:34:03 6.749866391792333E8 2.8451536373000544E8 1.9736649825368777E8
2024-12-05_05:32:08 6.763192351684905E8 2.8520694103985316E8 1.9257130760465175E8
2024-12-09_13:30:13 6.776110644843267E8 2.8587507097535336E8 1.877802089193769E8
2024-12-13_21:28:17 6.788771969106917E8 2.8653209032280093E8 1.8296802443079603E8
2024-12-18_05:26:22 6.801199427379987E8 2.8718575013359815E8 1.7816401618248516E8
2024-12-22_13:24:27 6.813250849329693E8 2.878172575388305E8 1.733491589785239E8
2024-12-26_21:22:32 6.825156495600939E8 2.8844265806140476E8 1.6851538469292086E8
2024-12-31_05:20:37 6.836605822844796E8 2.8905473342657304E8 1.6368824442491516E8
2025-01-04_13:18:41 6.847791152870532E8 2.896496254676484E8 1.5885247723713997E8
2025-01-08_21:16:46 6.858800423100982E8 2.9024345732714605E8 1.5399744536683828E8
2025-01-13_05:14:51 6.869406078761257E8 2.9081378803840035E8 1.4914846419554088E8
2025-01-17_13:12:56 6.879748016535612E8 2.913726865825256E8 1.442786987377639E8
2025-01-21_21:11:01 6.889860206001478E8 2.919285728376328E8 1.394212531676665E8
2025-01-26_05:09:05 6.89959286075409E8 2.924619201641568E8 1.345535647797153E8
2025-01-30_13:07:10 6.90917334451612E8 2.929887962783639E8 1.2966856643378785E8
2025-02-03_21:05:15 6.918302683582591E8 2.935030385203013E8 1.2478997674843897E8
2025-02-08_05:03:20 6.927166228848438E8 2.939992197230322E8 1.1990592380331106E8
2025-02-12_13:01:25 6.935846341295961E8 2.9449443548444057E8 1.1500721025618997E8
2025-02-16_20:59:29 6.944124052095077E8 2.9496603781041014E8 1.101126836854331E8
2025-02-21_04:57:34 6.952246262094584E8 2.9543097813653344E8 1.0520317673427394E8
2025-02-25_12:55:39 6.959920468971964E8 2.958832293731048E8 1.0030000676646662E8
2025-03-01_20:53:44 6.967323768567858E8 2.963176160645297E8 9.539464855376384E7
2025-03-06_04:51:49 6.974544270528393E8 2.9675087802705383E8 9.047199569038491E7
2025-03-10_12:49:53 6.981366430135254E8 2.9716052983584124E8 8.555688257373697E7
2025-03-14_20:47:58 6.98791003343525E8 2.975580409364337E8 8.062606324047312E7
2025-03-19_04:46:03 6.994243847024186E8 2.979536046984088E8 7.57051967468527E7
2025-03-23_12:44:08 7.000188190180423E8 2.9832585208930737E8 7.078124377442414E7
2025-03-27_20:42:13 7.00597428167887E8 2.9869132212444645E8 6.584230460325772E7
2025-04-01_05:40:17 7.011313824623752E8 2.9904429647104716E8 6.0911474728700906E7
2025-04-05_13:38:22 7.01654536911872E8 2.9938636987344307E8 5.592145750149698E7
2025-04-09_21:36:27 7.021298079891827E8 2.997143386528475E8 5.098701458920648E7
2025-04-14_05:34:32 7.02578500182435E8 3.0002438625392866E8 4.604916978281509E7
2025-04-18_13:32:37 7.03008149727386E8 3.003331219396497E8 4.109813235083326E7
2025-04-22_21:30:41 7.033983882007879E8 3.006181601663278E8 3.6156540343584344E7
2025-04-27_05:28:46 7.037601088864067E8 3.0089079206613857E8 3.1202896991535176E7
2025-05-01_13:26:51 7.041019710105258E8 3.011620305960195E8 2.6260170031337306E7
2025-05-05_21:24:56 7.044047604601489E8 3.0140970634484977E8 2.131400728436341E7
2025-05-10_05:23:01 7.046912506252773E8 3.016503428221788E8 1.6357407287112024E7
2025-05-14_13:21:05 7.049336006124434E8 3.018788170712548E8 1.1410233767676737E7
2025-05-18_21:19:10 7.051492969152583E8 3.020891618892711E8 6464067.585309835
2025-05-23_05:17:15 7.053457927821804E8 3.0229822910802317E8 1505709.7141738888
2025-05-27_13:15:20 7.055034656569791E8 3.024836882019156E8 -3442484.978299949
2025-05-31_21:13:25 7.056320417959301E8 3.026564660761155E8 -8400057.960895445
2025-06-05_05:11:29 7.057416840044273E8 3.028283245668253E8 -1.3347834539140161E7
2025-06-09_13:09:34 7.058121874480665E8 3.0297638449048483E8 -1.8293464054372698E7
2025-06-13_21:07:39 7.058662782110759E8 3.031173610505009E8 -2.3249825087953568E7
2025-06-18_05:05:44 7.058765169110045E8 3.032465869969367E8 -2.8195629186331484E7
2025-06-22_13:03:49 7.058604413035097E8 3.0335724193310636E8 -3.314011612223776E7
2025-06-26_21:01:53 7.058252746277487E8 3.034669606021644E8 -3.8090455921032324E7
2025-07-01_04:59:58 7.057512541134439E8 3.0355290113827026E8 -4.303290875782425E7
2025-07-05_12:58:03 7.056608362509719E8 3.036317482246931E8 -4.79815309058529E7
2025-07-09_20:56:08 7.055268081807071E8 3.03698816425425E8 -5.291964851763282E7
2025-07-14_04:54:13 7.053666225556625E8 3.0374764042702967E8 -5.785532344138527E7
2025-07-18_12:52:17 7.051871887140131E8 3.0379531839390725E8 -6.2796719944988556E7
2025-07-22_20:50:22 7.04969595338622E8 3.03819444240907E8 -6.7727717132534E7
2025-07-27_04:48:27 7.047227576348089E8 3.038307472143864E8 -7.266290515999979E7
2025-07-31_12:46:32 7.04458005503354E8 3.038416988959986E8 -7.758970113306965E7
2025-08-04_20:44:37 7.041544487097807E8 3.0382870209322804E8 -8.251091182445194E7
2025-08-09_04:42:41 7.038345149617076E8 3.0380863012721294E8 -8.743816526095256E7
2025-08-13_12:40:46 7.03471439591772E8 3.037770341497422E8 -9.235341541877529E7
2025-08-17_20:38:51 7.030823509639528E8 3.0372710073452795E8 -9.726545800139286E7
2025-08-22_04:36:56 7.02674256260437E8 3.0367623147932166E8 -1.0218102323140071E8
2025-08-26_12:35:01 7.022285126221966E8 3.03601795366992E8 -1.0708376780038837E8
2025-08-30_20:33:05 7.017535858352593E8 3.0351474030890465E8 -1.1198902271649732E8
2025-09-04_04:31:10 7.012613539265139E8 3.034273765411867E8 -1.168858274947596E8
2025-09-08_12:29:15 7.007304533682134E8 3.033161038201367E8 -1.2177619448493737E8
2025-09-12_20:27:20 7.001834849437388E8 3.031978926269622E8 -1.2666998696818377E8
2025-09-17_04:25:25 6.99593892889067E8 3.030685173792773E8 -1.3154884343391386E8
2025-09-21_12:23:29 6.98978781725387E8 3.0292066802769876E8 -1.3642375073794597E8
2025-09-25_20:21:34 6.98344936884305E8 3.027721019725153E8 -1.413005113133669E8
2025-09-30_04:19:39 6.976733241798254E8 3.0259984921183914E8 -1.4616546016927785E8
2025-10-04_12:17:44 6.969864665030069E8 3.024210043634635E8 -1.5102886224612018E8
2025-10-08_20:15:49 6.962566560645678E8 3.022307419254745E8 -1.5588139313180888E8
2025-10-13_04:13:53 6.955016051262621E8 3.0202230820323646E8 -1.607272351565314E8
2025-10-17_12:11:58 6.947279799977361E8 3.0181312795629567E8 -1.6557462759466922E8
2025-10-21_20:10:03 6.939174321003726E8 3.015805507087257E8 -1.704074615788754E8
2025-10-26_03:08:08 6.930788467850475E8 3.013357208302385E8 -1.752352095276955E8
2025-10-30_11:06:13 6.922328504711493E8 3.010950937740154E8 -1.8001318932067224E8
2025-11-03_19:04:17 6.913396159553216E8 3.0082657436269027E8 -1.848255809062886E8
2025-11-08_03:02:22 6.904183348370637E8 3.0054576278505677E8 -1.8963331420931977E8
2025-11-12_11:00:27 6.894807034080887E8 3.002652836006146E8 -1.9443244936338162E8
2025-11-16_18:58:32 6.885049565280162E8 2.9996084412607265E8 -1.992231573069051E8
2025-11-21_02:56:37 6.875143175246893E8 2.996498839229182E8 -2.0401094991794387E8
2025-11-25_10:54:41 6.864814243700008E8 2.993278781000798E8 -2.0878492812581468E8
2025-11-29_18:52:46 6.85424228713388E8 2.9898790445237654E8 -2.135503245919507E8
2025-12-04_02:50:51 6.843496108256958E8 2.9864771096786153E8 -2.1831201343213105E8
2025-12-08_10:48:56 6.832380048552785E8 2.9828402283494484E8 -2.23061293871656E8
2025-12-12_18:47:01 6.820991888799964E8 2.9790842082576376E8 -2.2780233773178777E8
2025-12-17_02:45:05 6.809436988992746E8 2.975329406464741E8 -2.3253750486448225E8
2025-12-21_10:43:10 6.79751968595012E8 2.971342214491033E8 -2.3725744150067943E8
2025-12-25_18:41:15 6.785449856862836E8 2.967288371577592E8 -2.4197624514324746E8
2025-12-30_02:39:20 6.772966434231884E8 2.963127742227281E8 -2.4667901386616823E8
2026-01-03_10:37:25 6.760241578475707E8 2.958787447586195E8 -2.5137258404421586E8
2026-01-07_18:35:29 6.747349113897549E8 2.9544479188258153E8 -2.5606095713237008E8
2026-01-12_02:33:34 6.734097791319515E8 2.949877048155553E8 -2.6073349939360055E8
2026-01-16_10:31:39 6.720704274833823E8 2.945243851298824E8 -2.6540177108846584E8
2026-01-20_18:29:44 6.706895749448154E8 2.940503225237096E8 -2.700544554926528E8
2026-01-25_02:27:49 6.692850980878297E8 2.9355846319226724E8 -2.7469688293771315E8
2026-01-29_10:25:53 6.678645266338658E8 2.9306695205744267E8 -2.793324918816263E8
2026-02-02_18:23:58 6.664077466376885E8 2.9255216846745145E8 -2.8395336818498504E8
2026-02-07_02:22:03 6.649254173597212E8 2.920261632213206E8 -2.8856206377121145E8
2026-02-11_10:20:08 6.634263507988689E8 2.915001971160587E8 -2.931657100820578E8
2026-02-15_18:18:13 6.618914667348155E8 2.909510818752843E8 -2.977537456149513E8
2026-02-20_02:16:17 6.603444827717171E8 2.9039666688069606E8 -3.023317601949078E8
2026-02-24_10:14:22 6.587556513690155E8 2.8983127892903113E8 -3.068958734135756E8
2026-02-28_18:12:27 6.57144030655951E8 2.8924844605031216E8 -3.114476594961879E8
2026-03-05_02:10:32 6.555169623782046E8 2.8866615808351237E8 -3.1599168641396326E8
2026-03-09_10:08:37 6.538547108322489E8 2.8806100760170853E8 -3.2051840913601327E8
2026-03-13_18:06:41 6.521797078492553E8 2.874502360596899E8 -3.250373090998039E8
2026-03-18_02:04:46 6.504637664641923E8 2.8682889551326275E8 -3.2954011650235355E8
2026-03-22_10:02:51 6.487252516218604E8 2.861901372353486E8 -3.3403015848399484E8
2026-03-26_18:00:56 6.469717652493854E8 2.8555216342388725E8 -3.3851182536938983E8
2026-03-31_02:59:01 6.451839756918333E8 2.848916529762317E8 -3.4297417515838844E8
2026-04-04_10:57:05 6.433644509488058E8 2.842172625870238E8 -3.4747078676514375E8
2026-04-08_18:55:10 6.415232552758012E8 2.8354064268021554E8 -3.5190828085392094E8
2026-04-13_02:53:15 6.396599568339643E8 2.8284679123473114E8 -3.563321940625515E8
2026-04-13_02:53:16 6.10268385361703E8 2.717598246854832E8 -4.181605222861846E8
