#time X Y Z
2014-09-27_15:01:53 -1.6513310745826628E9 -7.774012781313895E8 4.0956356132606325E9
2014-11-26_18:35:29 -1.6270042483519247E9 -7.677521998239771E8 4.106904757043569E9
2015-01-25_23:09:05 -1.6026666078209202E9 -7.58044129880045E8 4.117998217562839E9
2015-03-27_03:42:41 -1.578246937229837E9 -7.482979850381902E8 4.1289227882380023E9
2015-05-26_09:16:17 -1.5537360425127063E9 -7.385620994946637E8 4.1397051248315244E9
2015-07-25_13:49:53 -1.5291791447828352E9 -7.287514924147182E8 4.150311818988938E9
2015-09-23_18:23:29 -1.5045558692568378E9 -7.189613855701535E8 4.1607662969339714E9
2015-11-22_21:57:05 -1.479894357502201E9 -7.091005656678761E8 4.1710559923181796E9
2016-01-22_02:30:41 -1.4551936004128675E9 -6.992201459923431E8 4.1811583534342747E9
2016-03-22_07:04:17 -1.4303882622193997E9 -6.893432686073697E8 4.1911228374902425E9
2016-05-21_12:37:53 -1.4055567862917128E9 -6.794005917479825E8 4.2009050521856046E9
2016-07-20_17:11:29 -1.3806290569012594E9 -6.694651805260667E8 4.2105457577898874E9
2016-09-18_21:45:05 -1.3556826022380178E9 -6.594678698885022E8 4.220014255813136E9
2016-11-18_01:18:41 -1.3306843220107713E9 -6.494453485563185E8 4.229301106364723E9
2017-01-17_05:52:17 -1.3056227769021E9 -6.394429246523572E8 4.2384329684238133E9
2017-03-18_10:25:53 -1.2805135096873467E9 -6.293669959384781E8 4.2474027516211967E9
2017-05-17_15:59:29 -1.255354635400401E9 -6.192666106933237E8 4.256190553015716E9
2017-07-16_20:33:05 -1.2301000818787215E9 -6.091720653998657E8 4.264834161186794E9
2017-09-15_01:06:41 -1.2048282227149656E9 -5.990170204202058E8 4.2732902724737353E9
2017-11-14_04:40:17 -1.1794883101327806E9 -5.88878904336272E8 4.281591439671141E9
2018-01-13_09:13:53 -1.1541356237381415E9 -5.786831748938962E8 4.2897173723593054E9
2018-03-14_13:47:29 -1.1287197821254017E9 -5.684570220435976E8 4.2976636527135105E9
2018-05-13_19:21:05 -1.1032291357250547E9 -5.58244565090006E8 4.305457119494197E9
2018-07-12_23:54:41 -1.0776934063130243E9 -5.47959871800544E8 4.313070206848899E9
2018-09-11_04:28:17 -1.0521064722836637E9 -5.376991759370044E8 4.320522234561666E9
2018-11-10_08:01:53 -1.0265018055016096E9 -5.2737906989666814E8 4.327798828027277E9
2019-01-09_12:35:29 -1.0008577172840883E9 -5.1703857195896935E8 4.334886086410696E9
2019-03-10_17:09:05 -9.751335308450556E8 -5.067082595544525E8 4.341818601059359E9
2019-05-09_22:42:41 -9.493939378065028E8 -4.9631975787495214E8 4.348575343580379E9
2019-07-09_03:16:17 -9.23582777402316E8 -4.858972142863333E8 4.355150500486891E9
2019-09-07_07:49:53 -8.977262729663182E8 -4.7549916155042434E8 4.361560048214099E9
2019-11-06_11:23:29 -8.718493949704514E8 -4.650414202863014E8 4.367778954397517E9
2020-01-05_15:57:05 -8.459274540964948E8 -4.5460746361023897E8 4.373831206189683E9
2020-03-05_20:30:41 -8.199787916385534E8 -4.441119062879105E8 4.37970655187908E9
2020-05-05_02:04:17 -7.939824539850849E8 -4.335920594306509E8 4.385392215082469E9
2020-07-04_06:37:53 -7.679113063970041E8 -4.230827008356882E8 4.390916830826891E9
2020-09-02_11:11:29 -7.418481326819742E8 -4.125268323605514E8 4.3962433245496E9
2020-11-01_14:45:05 -7.15712210186736E8 -4.019813473811593E8 4.401404749877648E9
2020-12-31_19:18:41 -6.895994417814702E8 -3.9139677694287825E8 4.406377501329369E9
2021-03-01_23:52:17 -6.634353958436466E8 -3.80786240982863E8 4.411158757666931E9
2021-05-01_05:25:53 -6.372015829081637E8 -3.7018703667114544E8 4.415773664886405E9
2021-06-30_09:59:29 -6.109576974152889E8 -3.5953376173281085E8 4.420191889205076E9
2021-08-29_14:33:05 -5.846966248173707E8 -3.488701191087558E8 4.424437703931405E9
2021-10-28_19:06:41 -5.583854877836227E8 -3.3822492887884665E8 4.4284989072063E9
2021-12-27_22:40:17 -5.320765270553166E8 -3.275324998188881E8 4.432360838718878E9
2022-02-26_03:13:53 -5.057235141078693E8 -3.168605296611855E8 4.436047950564928E9
2022-04-27_08:47:29 -4.793697293183113E8 -3.061408638647568E8 4.439549836341098E9
2022-06-26_13:21:05 -4.5297748626906234E8 -2.954003664104441E8 4.442855758424969E9
2022-08-25_17:54:41 -4.265426529225668E8 -2.846807837182779E8 4.445987399005832E9
2022-10-24_22:28:17 -4.001286391555318E8 -2.739225635079324E8 4.448915904476659E9
2022-12-24_02:01:53 -3.736671468126274E8 -2.6318223213376704E8 4.451671511881505E9
2023-02-22_06:35:29 -3.4723446231697696E8 -2.5240781717130753E8 4.454236846383345E9
2023-04-23_12:09:05 -3.2077709063868487E8 -2.4161846454780978E8 4.456603505062823E9
2023-06-22_16:42:41 -2.942587408803884E8 -2.3084060403591484E8 4.458796878865177E9
2023-08-21_21:16:17 -2.6777335442304447E8 -2.2003005419620886E8 4.460789759689258E9
2023-10-21_01:49:53 -2.412541540353533E8 -2.0924290817023185E8 4.462608180561127E9
2023-12-20_05:23:29 -2.1475224140805018E8 -1.9841734069785446E8 4.464238463151485E9
2024-02-18_09:57:05 -1.8827057614773053E8 -1.8759607655156845E8 4.465667362752362E9
2024-04-18_15:30:41 -1.617373409578882E8 -1.7678861116067117E8 4.466924485075703E9
2024-06-17_20:04:17 -1.3520676883314463E8 -1.659377410439454E8 4.467996754029447E9
2024-08-17_00:37:53 -1.0870082667948878E8 -1.5509307091591746E8 4.468870293075992E9
2024-10-16_05:11:29 -8.21625694813724E7 -1.442700709097587E8 4.46956970364126E9
2024-12-15_08:45:05 -5.5651364899242416E7 -1.3341423877549845E8 4.470073304736274E9
2025-02-13_13:18:41 -2.913524315463642E7 -1.2259103966221312E8 4.470403513529358E9
2025-04-14_18:52:17 -2638563.638351277 -1.1173291359284179E8 4.470550086403772E9
2025-06-13_23:25:53 2.3878912018620797E7 -1.0086109865556163E8 4.470501069595316E9
2025-08-13_03:59:29 5.0395823969201304E7 -9.00239653189572E7 4.470282383646313E9
2025-10-12_08:33:05 7.688207054986395E7 -7.915623233417717E7 4.469869915254055E9
2025-12-11_12:06:41 1.033856443013459E8 -6.831546943331762E7 4.469285684129672E9
2026-02-09_16:40:17 1.2982808503324024E8 -5.745845869249616E7 4.468521040680327E9
2026-04-10_22:13:53 1.562845985819955E8 -4.659075352946488E7 4.467564544934314E9
2026-06-10_02:47:29 1.8277455637743983E8 -3.574141579018793E7 4.466437125019207E9
2026-08-09_07:21:05 2.0920165786683634E8 -2.4877264506672055E7 4.465132060550076E9
2026-10-08_11:54:41 2.3562333018217823E8 -1.4011095333750578E7 4.4636352134068165E9
2026-12-07_15:28:17 2.620568638331761E8 -3171837.444471702 4.461970070861619E9
2027-02-05_20:01:53 2.8842544886264545E8 7680443.090366632 4.460117279597059E9
2027-04-07_01:35:29 3.1483715124567807E8 1.8520337055149958E7 4.458092868339369E9
2027-06-06_06:09:05 3.412094952385269E8 2.9383336306818116E7 4.455892112052901E9
2027-08-05_10:42:41 3.675542956190464E8 4.023903555741629E7 4.453504229443725E9
2027-10-04_15:16:17 3.9390841924696857E8 5.106836349360143E7 4.450947794947643E9
2027-12-03_18:49:53 4.202102344296642E8 6.191515982162265E7 4.448206049888818E9
2028-02-01_23:23:29 4.465174705601397E8 7.273400901602572E7 4.445294902318653E9
2028-04-02_04:57:05 4.727812601591804E8 8.357322489412665E7 4.442209485075526E9
2028-06-01_09:30:41 4.990422103817797E8 9.441593785635985E7 4.43893504798155E9
2028-07-31_14:04:17 5.2530536753239816E8 1.0523059914459643E8 4.435492732779008E9
2028-09-29_18:37:53 5.51505320751193E8 1.1605722925344743E8 4.431868246552997E9
2028-11-28_22:11:29 5.776844161669719E8 1.2687835720614833E8 4.428077984185633E9
2029-01-28_02:45:05 6.038634305581559E8 1.3767182678156906E8 4.424108203864819E9
2029-03-29_08:18:41 6.299931448230555E8 1.484813818098751E8 4.41995595123058E9
2029-05-28_12:52:17 6.561583141299026E8 1.5927964524129555E8 4.415628231124973E9
2029-07-27_17:25:53 6.822396576277931E8 1.7007783762738007E8 4.4111340664958515E9
2029-09-25_21:59:29 7.082936950567468E8 1.8086919083605734E8 4.406454761163297E9
2029-11-25_01:33:05 7.343635833682575E8 1.91640977772354E8 4.40160312308315E9
2030-01-24_06:06:41 7.60346077103023E8 2.0241174119410595E8 4.396574203489055E9
2030-03-25_10:40:17 7.86351720406389E8 2.131662265854634E8 4.391371060195102E9
2030-05-24_16:13:53 8.123029741287415E8 2.239327579263417E8 4.385995829921583E9
2030-07-23_20:47:29 8.382326719510199E8 2.346948346483524E8 4.380434087807264E9
2030-09-22_01:21:05 8.641487827983906E8 2.4542652259073633E8 4.374702481369235E9
2030-11-21_04:54:41 8.900060280259517E8 2.5616798079208863E8 4.368789395743309E9
2031-01-20_09:28:17 9.158077464802705E8 2.6688952546650094E8 4.362715642263328E9
2031-03-21_14:01:53 9.416344839617246E8 2.7759837693488175E8 4.356453149407339E9
2031-05-20_19:35:29 9.673845831605984E8 2.883081717728103E8 4.350011886728747E9
2031-07-20_00:09:05 9.931498093430332E8 2.9900196814041215E8 4.343393535845289E9
2031-09-18_04:42:41 1.0188378230700718E9 3.0969495515359885E8 4.336607308860588E9
2031-11-17_08:16:17 1.0444806412868614E9 3.203735233519299E8 4.329637720624335E9
2032-01-16_12:49:53 1.0701015849372016E9 3.310208887426396E8 4.322495457898116E9
2032-03-16_17:23:29 1.0956723659710805E9 3.4167897662019455E8 4.315167971355533E9
2032-05-15_22:57:05 1.1212300527667062E9 3.5231053164237416E8 4.307667090459974E9
2032-07-15_03:30:41 1.1467327187728903E9 3.6294944042690986E8 4.299990452719208E9
2032-09-13_08:04:17 1.1721804002111824E9 3.7357014629532117E8 4.2921290484444146E9
2032-11-12_11:37:53 1.1976105646266766E9 3.841630847605891E8 4.284094023564938E9
2033-01-11_16:11:29 1.2229452814951644E9 3.947459971266007E8 4.275886009581955E9
2033-03-12_20:45:05 1.2482928649520266E9 4.0531443764775026E8 4.2674899304151855E9
2033-05-12_02:18:41 1.2735521369287846E9 4.1587512445569205E8 4.258926119944752E9
2033-07-11_06:52:17 1.2987846509523275E9 4.264296636445528E8 4.250168959596183E9
2033-09-09_11:25:53 1.3239770290928073E9 4.369485060503107E8 4.241241087659349E9
2033-11-08_14:59:29 1.349086123496791E9 4.4746072030389845E8 4.232142962173939E9
2034-01-07_19:33:05 1.374130045754288E9 4.5795014490890145E8 4.222861004582993E9
2034-03-09_00:06:41 1.3991619003300166E9 4.684170587577056E8 4.2133970235944657E9
2034-05-08_05:40:17 1.4241047101916E9 4.7887387161148053E8 4.2037563869230137E9
2034-07-07_10:13:53 1.4490470432950656E9 4.893140882233493E8 4.193925516667257E9
2034-09-05_14:47:29 1.4738734829850974E9 4.997317657534471E8 4.183936616315274E9
2034-11-04_18:21:05 1.4986376649625192E9 5.10128009497155E8 4.1737650779940863E9
2035-01-03_22:54:41 1.5233646612077823E9 5.204927414418516E8 4.1634155572090936E9
2035-03-05_03:28:17 1.5480026191716206E9 5.3084597426174146E8 4.15288957856991E9
2035-05-04_09:01:53 1.572613565345975E9 5.411724932394361E8 4.1421805030457487E9
2035-07-03_13:35:29 1.597137483727196E9 5.514877822259701E8 4.131304285432124E9
2035-09-01_18:09:05 1.6215743091582808E9 5.617707064084113E8 4.120254929574323E9
2035-10-31_21:42:41 1.6459814937458556E9 5.720269355739464E8 4.1090230570141745E9
2035-12-31_02:16:17 1.6702621964523783E9 5.822539075002606E8 4.0976407263809676E9
2036-02-29_06:49:53 1.6944854063409586E9 5.924613671487377E8 4.08607323617663E9
2036-04-29_12:23:29 1.7186737148199518E9 6.026411082321045E8 4.0743250198920245E9
2036-06-28_16:57:05 1.7427627682252982E9 6.12801822059281E8 4.062409069296303E9
2036-08-27_21:30:41 1.7667911602651672E9 6.229248138546106E8 4.0503259672734256E9
2036-10-27_01:04:17 1.790719254941268E9 6.330273483824848E8 4.038083832530526E9
2036-12-26_05:37:53 1.8145436343172948E9 6.430907046820433E8 4.025680857257843E9
2037-02-24_10:11:29 1.838342492463578E9 6.531318537532243E8 4.0130917498419857E9
2037-04-25_15:45:05 1.8620221730040894E9 6.631443261738421E8 4.0003503537904525E9
2037-06-24_20:18:41 1.8856667069797094E9 6.731308616149191E8 3.9874292894532666E9
2037-08-24_00:52:17 1.9091908157188702E9 6.830871093259325E8 3.974362719473506E9
2037-10-23_05:25:53 1.9326217922225888E9 6.930084346323397E8 3.961133819246419E9
2037-12-22_08:59:29 1.9560008223718526E9 7.028981646749225E8 3.9477359923878436E9
2038-02-20_13:33:05 1.9792542097164614E9 7.127545062480509E8 3.9341915387749095E9
2038-04-21_19:06:41 2.0024313303466945E9 7.225829003317634E8 3.920489306882103E9
2038-06-20_23:40:17 2.0255661408010035E9 7.323847413863351E8 3.9066050222673044E9
2038-08-20_04:13:53 2.0485752713449495E9 7.421519806822033E8 3.8925799090880313E9
2038-10-19_08:47:29 2.0715196139513385E9 7.518839549714271E8 3.8783935069384694E9
2038-12-18_12:21:05 2.094354135777813E9 7.61586789540714E8 3.8640619105762634E9
2039-02-16_16:54:41 2.1170751306783624E9 7.71246012347385E8 3.8495854155265746E9
2039-04-17_22:28:17 2.1397515639215791E9 7.808796658941245E8 3.834936443992687E9
2039-06-17_03:01:53 2.1623296345452895E9 7.90488606623078E8 3.82013106312509E9
2039-08-16_07:35:29 2.184823221731168E9 8.000553456164372E8 3.805178860403781E9
2039-10-15_12:09:05 2.2071991086108017E9 8.095878666496334E8 3.79009040115448E9
2039-12-14_15:42:41 2.2294887293685193E9 8.190888263003154E8 3.7748432924357E9
2040-02-12_20:16:17 2.2516920995165024E9 8.28547800943058E8 3.7594497764638367E9
2040-04-13_01:49:53 2.2737883282317214E9 8.379766178846467E8 3.7439099900359845E9
2040-06-12_06:23:29 2.2958403534782414E9 8.473819015611918E8 3.7281934648118634E9
2040-08-11_10:57:05 2.3177513032899666E9 8.567417211187406E8 3.7123627253320136E9
2040-10-10_15:30:41 2.3395725755596356E9 8.660682064973102E8 3.69637667073066E9
2040-12-09_19:04:17 2.361319913306095E9 8.753601032608863E8 3.6802365018474445E9
2041-02-07_23:37:53 2.3829309076572294E9 8.846066549922585E8 3.6639778835103602E9
2041-04-09_05:11:29 2.4044648978692946E9 8.938258260264543E8 3.647555298848714E9
2041-06-08_09:45:05 2.4259374763076673E9 9.030167238368803E8 3.630967847394771E9
2041-08-07_14:18:41 2.447271064450363E9 9.121605101723855E8 3.6142638223194065E9
2041-10-06_18:52:17 2.468540579864485E9 9.212755149588845E8 3.5973946576236825E9
2041-12-05_22:25:53 2.4896807336871905E9 9.3034714702586E8 3.5804063736692147E9
2042-02-04_02:59:29 2.5107065300651374E9 9.393747645743672E8 3.5632839804590373E9
2042-04-05_08:33:05 2.531679135897249E9 9.483795558821484E8 3.545987164228544E9
2042-06-04_13:06:41 2.552532907459734E9 9.573445282129972E8 3.52855769001408E9
2042-08-03_17:40:17 2.573297310373483E9 9.662713163765912E8 3.510983838839625E9
2042-10-02_22:13:53 2.59394411293228E9 9.7515812265393E8 3.493282039020642E9
2042-12-02_01:47:29 2.6144820864374723E9 9.84003310575236E8 3.475443273351365E9
2043-01-31_06:21:05 2.6349337064447813E9 9.928131391441098E8 3.457452144253872E9
2043-04-01_11:54:41 2.655266940235255E9 1.0015812848905607E9 3.4393345872579165E9
2043-05-31_16:28:17 2.6755088600798864E9 1.0103156222149236E9 3.4210638471118164E9
2043-07-30_21:01:53 2.695662793096839E9 1.019015062083538E9 3.402642649185933E9
2043-09-29_01:35:29 2.715681132920922E9 1.0276641691519407E9 3.3841056181931844E9
2043-11-28_05:09:05 2.7356176059552407E9 1.0362818901469434E9 3.3654119647109537E9
2044-01-27_09:42:41 2.755417789987038E9 1.0448485691412694E9 3.346606757874464E9
2044-03-27_15:16:17 2.775116564205793E9 1.053376789101596E9 3.327655501269095E9
2044-05-26_19:49:53 2.794741484126597E9 1.0618783073171242E9 3.3085330158404713E9
2044-07-26_00:23:29 2.8142278848394647E9 1.0703267201637903E9 3.289299792177449E9
2044-09-24_04:57:05 2.8336203395580945E9 1.0787399888794682E9 3.269917389518764E9
2044-11-23_08:30:41 2.852887412282694E9 1.087105118959423E9 3.2504113681193666E9
2045-01-22_13:04:17 2.8720213535850496E9 1.0954185879945207E9 3.2307856982288237E9
2045-03-23_17:37:53 2.891075695288319E9 1.1037044356736019E9 3.2109919409477477E9
2045-05-22_23:11:29 2.9100007060276284E9 1.111939406611939E9 3.191075904431918E9
2045-07-22_03:45:05 2.9288180708031573E9 1.120133281269538E9 3.1710185420374603E9
2045-09-20_08:18:41 2.947523934050753E9 1.1282871793695574E9 3.150817570892779E9
2045-11-19_11:52:17 2.966098729527226E9 1.1363883230382318E9 3.1304969096626887E9
2046-01-18_16:25:53 2.984556170621341E9 1.1444474296431346E9 3.1100410836879883E9
2046-03-19_20:59:29 3.0028859650098214E9 1.1524542304917805E9 3.0894595834106636E9
2046-05-19_02:33:05 3.0210977478054748E9 1.1604161674407034E9 3.0687378519602513E9
2046-07-18_07:06:41 3.0392128994118676E9 1.16834605411955E9 3.0478564649317384E9
2046-09-16_11:40:17 3.0571788612426825E9 1.1762135310850506E9 3.026872802685224E9
2046-11-15_15:13:53 3.0750314381731052E9 1.1840421417192996E9 3.005743476834512E9
2047-01-14_19:47:29 3.092726701014188E9 1.1918045819589224E9 2.984521249636291E9
2047-03-16_00:21:05 3.1103120549943886E9 1.1995251865571122E9 2.9631499159930406E9
2047-05-15_05:54:41 3.1277790763716974E9 1.2072062486422775E9 2.9416350774750037E9
2047-07-14_10:28:17 3.14511049455624E9 1.2148286094730191E9 2.920002113741571E9
2047-09-12_15:01:53 3.1623025355083675E9 1.2223968115609326E9 2.8982530264848866E9
2047-11-11_18:35:29 3.179374484954506E9 1.2299256955763931E9 2.8763637607343826E9
2048-01-10_23:09:05 3.19628508804761E9 1.2373839323855655E9 2.854389469162825E9
2048-03-11_03:42:41 3.213091778602205E9 1.2448102988262494E9 2.8322484258217716E9
2048-05-10_09:16:17 3.2297404885848436E9 1.2521670875222387E9 2.810019473440481E9
2048-07-09_13:49:53 3.2462706714116225E9 1.2594782658867261E9 2.7876496863761287E9
2048-09-07_18:23:29 3.2626605412961154E9 1.2667431925940585E9 2.7651619504118404E9
2048-11-06_21:57:05 3.2788980419411926E9 1.2739391957536569E9 2.742583079439806E9
2049-01-06_02:30:41 3.295003319539461E9 1.2810931278841147E9 2.7198737723102098E9
2049-03-07_07:04:17 3.3109616388476615E9 1.2881803943628342E9 2.6970671004092383E9
2049-05-06_12:37:53 3.326778936401974E9 1.2952122967859383E9 2.674149836020821E9
2049-07-05_17:11:29 3.342482741203196E9 1.3022107576636896E9 2.6510762559845815E9
2049-09-03_21:45:05 3.358016841097949E9 1.3091313275222948E9 2.6279427297803025E9
2049-11-03_01:18:41 3.3734218718427734E9 1.316012846832017E9 2.604676487904227E9
2050-01-02_05:52:17 3.3886645287262607E9 1.3228190462063866E9 2.5813378111505704E9
2050-03-03_10:25:53 3.403770920412489E9 1.3295713860059795E9 2.5578892867920322E9
2050-05-02_15:59:29 3.4187485833973823E9 1.3362859403139343E9 2.5343033291472726E9
2050-07-01_20:33:05 3.4335766639449263E9 1.3429294988525465E9 2.5106325502388883E9
2050-08-31_01:06:41 3.448250909021575E9 1.3495118564166436E9 2.4868802291986866E9
2050-10-30_04:40:17 3.4627957701153193E9 1.356056805578149E9 2.4629958121948647E9
2050-12-29_09:13:53 3.477171848433224E9 1.3625214025271144E9 2.4390628644781156E9
2051-02-27_13:47:29 3.491422165402744E9 1.3689507473253505E9 2.4149906158783875E9
2051-04-28_19:21:05 3.5055191495590262E9 1.37530593056589E9 2.390842401558566E9
2051-06-27_23:54:41 3.5194782211193857E9 1.3816063152792397E9 2.366593618055269E9
2051-08-27_04:28:17 3.5332894739475436E9 1.3878635391571107E9 2.342241415236931E9
2051-10-26_09:01:53 3.5469522569415145E9 1.3940468767532935E9 2.3178160116821914E9
2051-12-25_12:35:29 3.5604713474652433E9 1.4001892466081939E9 2.2932828147868977E9
2052-02-23_17:09:05 3.5738263525034037E9 1.4062504256034775E9 2.268702145529313E9
2052-04-23_22:42:41 3.587049094298706E9 1.4122599018465865E9 2.2440081330670323E9
2052-06-23_03:16:17 3.6001363525379376E9 1.4182328475009067E9 2.2191917538157744E9
2052-08-22_07:49:53 3.6130658053513193E9 1.4241259945772026E9 2.1943272407554474E9
2052-10-21_12:23:29 3.6258431353640203E9 1.4299586603432536E9 2.169383198879077E9
2052-12-20_15:57:05 3.6384796193529787E9 1.4357537423125026E9 2.1443278061210957E9
2053-02-18_20:30:41 3.6509594820344315E9 1.441468719539471E9 2.1192255419111514E9
2053-04-20_02:04:17 3.663300712958767E9 1.4471471791829243E9 2.0940053312613692E9
2053-06-19_06:37:53 3.6754957711441827E9 1.4527496081547453E9 2.06871198575214E9
2053-08-18_11:11:29 3.6875400258409953E9 1.4582921588621042E9 2.0433479573171623E9
2053-10-17_15:45:05 3.6994371288328166E9 1.4637958355023015E9 2.017884614699921E9
2053-12-16_19:18:41 3.711183225357652E9 1.469219701318842E9 1.9923708865768266E9
2054-02-14_23:52:17 3.7227788916357007E9 1.474603990629142E9 1.966758584353685E9
2054-04-16_05:25:53 3.734223198588171E9 1.479908524596138E9 1.9410856981146429E9
2054-06-15_09:59:29 3.7455341045218406E9 1.4851602994544578E9 1.9153117515849676E9
2054-08-14_14:33:05 3.7566858940823092E9 1.4903697318046987E9 1.8894612245009165E9
2054-10-13_19:06:41 3.7676881424332037E9 1.4954980144209218E9 1.8635626248106997E9
2054-12-12_22:40:17 3.7785391790833135E9 1.5005667942898674E9 1.8375785395494018E9
2055-02-11_03:13:53 3.7892349262771406E9 1.5055956687677808E9 1.811519369313998E9
2055-04-12_08:47:29 3.799787501828288E9 1.5105457088606443E9 1.7853973242619298E9
2055-06-11_13:21:05 3.810198240327168E9 1.515462001860832E9 1.7591478441698542E9
2055-08-10_17:54:41 3.82044366171202E9 1.5202899113968852E9 1.7328802669483595E9
2055-10-09_22:28:17 3.8305442178067493E9 1.52506007100927E9 1.706541683779039E9
2055-12-09_02:01:53 3.840493779681958E9 1.5297941117995088E9 1.680095214483618E9
2056-02-07_06:35:29 3.850283242280189E9 1.534439654305015E9 1.653633924149181E9
2056-04-07_12:09:05 3.8599253972822824E9 1.5390519818454828E9 1.6270472353346019E9
2056-06-06_16:42:41 3.8694181022812123E9 1.5435805099614055E9 1.6004074704773045E9
2056-08-05_21:16:17 3.8787550034104195E9 1.5480464843073087E9 1.5737205877689676E9
2056-10-05_01:49:53 3.887936124472482E9 1.552475594115453E9 1.5469281127595463E9
2056-12-04_05:23:29 3.896963412154557E9 1.5568177538785696E9 1.5201060356802316E9
2057-02-02_09:57:05 3.9058259336837654E9 1.5610942127667167E9 1.4932320091557558E9
2057-04-03_15:30:41 3.914539327058603E9 1.5653377939228432E9 1.4662383809987767E9
2057-06-02_20:04:17 3.9231036699424906E9 1.569495324038949E9 1.439199470195555E9
2057-08-02_00:37:53 3.931498059567199E9 1.573611522202803E9 1.4120866335718167E9
2057-10-01_05:11:29 3.93973870592669E9 1.5776399057657876E9 1.384926848487931E9
2057-11-30_08:45:05 3.9478227631331906E9 1.5816053764740796E9 1.357715397276178E9
2058-01-29_13:18:41 3.955736011364787E9 1.5855298978784494E9 1.3304229065197809E9
2058-03-30_17:52:17 3.963497864907326E9 1.5893663198081279E9 1.3030881561410995E9
2058-05-29_23:25:53 3.971091068664265E9 1.5931631578653765E9 1.2756639553732986E9
2058-07-29_03:59:29 3.978529842091993E9 1.5968703627335398E9 1.2481819501453216E9
2058-09-27_08:33:05 3.985804066216736E9 1.6005107806975148E9 1.220672451927512E9
2058-11-26_12:06:41 3.9929048883259096E9 1.6041111994977934E9 1.1930769275142086E9
2059-01-25_16:40:17 3.99984775224525E9 1.6076183151694481E9 1.165462758458497E9
2059-03-26_21:13:53 4.006616030306107E9 1.6110856099862378E9 1.1377591089345856E9
2059-05-26_02:47:29 4.013220680453161E9 1.6144567848209171E9 1.1100292730933394E9
2059-07-25_07:21:05 4.019671152399364E9 1.6177662138743696E9 1.0822229681708696E9
2059-09-23_11:54:41 4.025936782969254E9 1.6210318589586535E9 1.0543653850149673E9
2059-11-22_15:28:17 4.0320392577441163E9 1.6242003267220855E9 1.0264794329175171E9
2060-01-21_20:01:53 4.0379728140013633E9 1.6273004606305845E9 9.985764587314972E8
2060-03-22_00:35:29 4.0437289820080037E9 1.6303611080939236E9 9.705816184813391E8
2060-05-21_06:09:05 4.049327814366591E9 1.633326454300952E9 9.42561341112039E8
2060-07-20_10:42:41 4.054744937757766E9 1.6362501879274032E9 9.144638999238461E8
2060-09-18_15:16:17 4.0599928522454123E9 1.6390731900561597E9 8.863743081582941E8
2060-11-17_18:49:53 4.065078539837046E9 1.6418306709103558E9 8.58237724758534E8
2061-01-16_23:23:29 4.0699738618113213E9 1.644544108365984E9 8.300639311017436E8
2061-03-18_03:57:05 4.07471391758185E9 1.6471608610896535E9 8.018657190585301E8
2061-05-17_09:30:41 4.0792681695023155E9 1.6497362899493754E9 7.735983838947368E8
2061-07-16_14:04:17 4.0836596187550707E9 1.652212204597972E9 7.453165770840895E8
2061-09-14_18:37:53 4.087883162342473E9 1.6546195966522815E9 7.170250647996739E8
2061-11-13_22:11:29 4.0919204886150117E9 1.6569860347035384E9 6.886701318812954E8
2062-01-13_02:45:05 4.095790154261182E9 1.6592487537142498E9 6.603442624796162E8
2062-03-14_07:18:41 4.099498911438646E9 1.6614467541940088E9 6.319661183293775E8
2062-05-13_12:52:17 4.103017434262223E9 1.6636027836270573E9 6.035455060806917E8
2062-07-12_17:25:53 4.1063834181222143E9 1.6656611779056182E9 5.751138874598521E8
2062-09-10_21:59:29 4.109559291361569E9 1.667677478621197E9 5.46645318861096E8
2062-11-10_01:33:05 4.1125727151131945E9 1.6695922322357745E9 5.1819344764111876E8
2063-01-09_06:06:41 4.115420882028428E9 1.6714393526068637E9 4.897429354794107E8
2063-03-10_10:40:17 4.118082369518724E9 1.6732474102882104E9 4.6122351114281136E8
2063-05-09_16:13:53 4.120590579331005E9 1.6749551666171734E9 4.327254109914913E8
2063-07-08_20:47:29 4.1229111070585837E9 1.6766244976255584E9 4.0416955754191554E8
2063-09-07_01:21:05 4.1250713402462792E9 1.678190971281995E9 3.7563678968581766E8
2063-11-06_04:54:41 4.1270703214461293E9 1.6796913846868556E9 3.4710523293111396E8
2064-01-05_09:28:17 4.128878831782161E9 1.6811519756684942E9 3.1854812543096095E8
2064-03-05_14:01:53 4.130539297381389E9 1.6825135467891283E9 2.899984426775762E8
2064-05-04_19:35:29 4.13202236882434E9 1.6838029379300349E9 2.6144108936825687E8
2064-07-04_00:09:05 4.1333257869152718E9 1.6850579479078152E9 2.3282642772310075E8
2064-09-02_04:42:41 4.1344804539294267E9 1.6862127675589547E9 2.0426162758759347E8
2064-11-01_08:16:17 4.135446654507619E9 1.6873297199731488E9 1.756688109172042E8
2064-12-31_12:49:53 4.13625807449791E9 1.6883443232030241E9 1.471069972166699E8
2065-03-01_17:23:29 4.1369121672291946E9 1.6892944066863887E9 1.1853600986285877E8
2065-04-30_22:57:05 4.1373756363750577E9 1.690206380578263E9 8.993954275668138E7
2065-06-30_03:30:41 4.1376955726071215E9 1.6910195419243364E9 6.134061001985496E7
2065-08-29_08:04:17 4.137827415816689E9 1.6917959185383873E9 3.274779266345074E7
2065-10-28_11:37:53 4.1378076000954075E9 1.6924698545441315E9 4173121.9143440756
2065-12-27_16:11:29 4.1376311101573606E9 1.6930791603795726E9 -2.436949493629743E7
2066-02-25_20:45:05 4.137265971229314E9 1.6936528609083006E9 -5.2949785537328795E7
2066-04-27_02:18:41 4.1367600262530575E9 1.6941267890665212E9 -8.15125335499825E7
2066-06-26_06:52:17 4.1360646291497555E9 1.6945655812213657E9 -1.1010013571260071E8
2066-08-25_11:25:53 4.1352198527901897E9 1.6949006594117246E9 -1.386368376659012E8
2066-10-24_15:59:29 4.134221418543059E9 1.6951726144491372E9 -1.6717548992339134E8
2066-12-23_19:33:05 4.1330350425761156E9 1.6954102006218216E9 -1.9572044017939883E8
2067-02-22_00:06:41 4.1317016111786876E9 1.695544597619383E9 -2.24213166043319E8
2067-04-23_05:40:17 4.13021158961872E9 1.695614801918022E9 -2.5272439113119403E8
2067-06-22_10:13:53 4.128532755574137E9 1.6956508780565827E9 -2.812558593292718E8
2067-08-21_14:47:29 4.126717911428967E9 1.6955875896836002E9 -3.097457582519747E8
2067-10-20_19:21:05 4.1247143246461415E9 1.695489961927101E9 -3.382339016099229E8
2067-12-19_22:54:41 4.122564518151197E9 1.6952889489105747E9 -3.666864945457863E8
2068-02-18_03:28:17 4.120263601739654E9 1.69502578461061E9 -3.951161475002118E8
2068-04-18_09:01:53 4.1177713014135995E9 1.6947284781280015E9 -4.2356529041362655E8
2068-06-17_13:35:29 4.1151418261109705E9 1.6943292426241007E9 -4.5199610785921526E8
2068-08-16_18:09:05 4.112321479394924E9 1.6938973374784873E9 -4.8042062444029766E8
2068-10-15_22:42:41 4.109359102999292E9 1.693361897832654E9 -5.087976851460062E8
2068-12-15_02:16:17 4.106243631643965E9 1.6927633192994735E9 -5.371621753715143E8
2069-02-13_06:49:53 4.1029366195278068E9 1.6921312756552806E9 -5.655165778767273E8
2069-04-14_12:23:29 4.0994835851448703E9 1.6913930665835886E9 -5.938405247514886E8
2069-06-13_16:57:05 4.0958738195865903E9 1.690590558403249E9 -6.221776953604912E8
2069-08-12_21:30:41 4.0920747269073534E9 1.6897564060090888E9 -6.504828286067196E8
2069-10-12_02:04:17 4.088141087446888E9 1.6888200572451653E9 -6.787473316510377E8
2069-12-11_05:37:53 4.084011785382384E9 1.6878495338030124E9 -7.070179008551773E8
2070-02-09_10:11:29 4.079741652211391E9 1.6867745640788345E9 -7.35219848448929E8
2070-04-10_15:45:05 4.0753137850232754E9 1.6856342592098544E9 -7.634167323932968E8
2070-06-09_20:18:41 4.0706847108618765E9 1.6844577985252278E9 -7.916342801745667E8
2070-08-09_00:52:17 4.065925867105076E9 1.6831801249047146E9 -8.197782420725988E8
2070-10-08_05:25:53 4.060969846594999E9 1.6818691994067972E9 -8.479151206684167E8
2070-12-07_08:59:29 4.055865791777081E9 1.680448999258533E9 -8.760107041777656E8
2071-02-05_13:33:05 4.05061252496906E9 1.6789667774931362E9 -9.040492521827011E8
2071-04-06_19:06:41 4.045156541947563E9 1.6774490639213088E9 -9.320925776803864E8
2071-06-05_23:40:17 4.039558527048912E9 1.6758234731760702E9 -9.601178372639521E8
2071-08-05_04:13:53 4.033788361865013E9 1.6741268340496082E9 -9.88074204485038E8
2071-10-04_08:47:29 4.0278285244353023E9 1.6724001462036657E9 -1.0160216990477667E9
2071-12-03_12:21:05 4.021735652419463E9 1.6705694764012237E9 -1.0439074192991887E9
2072-02-01_16:54:41 4.01544692950829E9 1.6687062989630384E9 -1.0717524972820632E9
2072-04-01_22:28:17 4.009004729663465E9 1.6667302103042076E9 -1.0995649465576875E9
2072-06-01_03:01:53 4.002405325774684E9 1.6646882824708025E9 -1.127346697991599E9
2072-07-31_07:35:29 3.995610025832505E9 1.6626149835770304E9 -1.1550797273247914E9
2072-09-29_12:09:05 3.9886778951626987E9 1.6604346865502555E9 -1.182763911464284E9
2072-11-28_15:42:41 3.9815492740462193E9 1.6582223323966303E9 -1.210403370183795E9
2073-01-27_20:16:17 3.9742823062184134E9 1.6559020482846117E9 -1.2379576689990664E9
2073-03-29_01:49:53 3.9668519621482744E9 1.653513688416862E9 -1.2654940540257723E9
2073-05-28_06:23:29 3.95921900336275E9 1.6510913389308803E9 -1.293001880852497E9
2073-07-27_10:57:05 3.9514583362712507E9 1.6485643884696527E9 -1.3204304241154363E9
2073-09-25_15:30:41 3.943520499362029E9 1.6459634583541436E9 -1.3478073806133707E9
2073-11-24_19:04:17 3.935405051933044E9 1.6433398478902287E9 -1.3751112076830144E9
2074-01-23_23:37:53 3.927157986334389E9 1.6406097630384414E9 -1.4023529345348299E9
2074-03-25_05:11:29 3.918711960993731E9 1.6378474661919692E9 -1.4295539905747583E9
2074-05-24_09:45:05 3.910120762229467E9 1.6349727464848545E9 -1.4566978090976112E9
2074-07-23_14:18:41 3.901381677552869E9 1.632036197312987E9 -1.483772480200828E9
2074-09-21_18:52:17 3.892450103275604E9 1.6290710353253725E9 -1.5107859200402224E9
2074-11-20_22:25:53 3.8833951684442697E9 1.626001903831625E9 -1.5377218686384277E9
2075-01-20_02:59:29 3.874148712549066E9 1.622904341155393E9 -1.5645931585664015E9
2075-03-21_07:33:05 3.8647635488205714E9 1.6196963708363101E9 -1.5913906988853307E9
2075-05-20_13:06:41 3.85522835513061E9 1.6164253008968298E9 -1.6181341520173316E9
2075-07-19_17:40:17 3.8454986017958665E9 1.6131252582818632E9 -1.644823508826939E9
2075-09-17_22:13:53 3.8356556454156127E9 1.6097241253265364E9 -1.671414463577003E9
2075-11-17_01:47:29 3.825617038885386E9 1.6062944807680101E9 -1.6979505808697412E9
2076-01-16_06:21:05 3.8154588937390184E9 1.6027612060159662E9 -1.724373493853636E9
2076-03-16_10:54:41 3.805152319993941E9 1.5991653483544629E9 -1.750744182061685E9
2076-05-15_16:28:17 3.794652704656584E9 1.595541055236918E9 -1.777055979909705E9
2076-07-14_21:01:53 3.784021423899035E9 1.591808222007546E9 -1.8032859298952363E9
2076-09-13_01:35:29 3.773257882269579E9 1.5880195625472424E9 -1.8294272704451518E9
2076-11-12_05:09:05 3.7623049585743246E9 1.584204878431228E9 -1.8555041491246047E9
2077-01-11_09:42:41 3.7512504417687774E9 1.580293308051902E9 -1.881468413198188E9
2077-03-12_14:16:17 3.73999854494132E9 1.576352376875897E9 -1.9073852811844604E9
2077-05-11_19:49:53 3.7286266543866143E9 1.572306684403647E9 -1.9332023384392133E9
2077-07-11_00:23:29 3.717112271649557E9 1.5682007708246245E9 -1.9589585456433136E9
2077-09-09_04:57:05 3.705418532134581E9 1.564073434395195E9 -1.9846284134635468E9
2077-11-08_08:30:41 3.693620574375403E9 1.5598473132036808E9 -2.0101999471691096E9
2078-01-07_13:04:17 3.681648612014574E9 1.555602953601515E9 -2.0356781082319434E9
2078-03-08_17:37:53 3.6695454540658884E9 1.5512478768012347E9 -2.0610842442922893E9
2078-05-07_23:11:29 3.6573144116127586E9 1.546838483922821E9 -2.086402427140181E9
2078-07-07_03:45:05 3.644895927624457E9 1.5424049462691257E9 -2.111654838271044E9
2078-09-05_08:18:41 3.6323760432055664E9 1.5378731116927884E9 -2.1368095644536395E9
2078-11-04_11:52:17 3.6197085310139513E9 1.5332790021226056E9 -2.161860730420937E9
2079-01-03_16:25:53 3.606879394020231E9 1.52867157122537E9 -2.186824900180734E9
2079-03-04_20:59:29 3.593942935119021E9 1.5239633737820044E9 -2.211706476725598E9
2079-05-04_02:33:05 3.5808296409060206E9 1.519235645993567E9 -2.2365038426282463E9
2079-07-03_07:06:41 3.567589066661845E9 1.5143980737755232E9 -2.261225268052306E9
2079-09-01_11:40:17 3.554235794037019E9 1.5095127084512098E9 -2.285837698482684E9
2079-10-31_15:13:53 3.54070923621759E9 1.504609843485294E9 -2.3103612845701075E9
2079-12-30_19:47:29 3.5270855681883793E9 1.4996096314012332E9 -2.3347867619475074E9
2080-02-29_00:21:05 3.5132845925795593E9 1.4945905649483945E9 -2.3591288241335187E9
2080-04-29_05:54:41 3.4993721327125764E9 1.489467349617942E9 -2.383369861041991E9
2080-06-28_10:28:17 3.485320718491582E9 1.4842853343508146E9 -2.4075505458949304E9
2080-08-27_15:01:53 3.4711108068578277E9 1.479092362361189E9 -2.4316161275182953E9
2080-10-26_19:35:29 3.4568034249577427E9 1.473801218095999E9 -2.455585557756599E9
2080-12-25_23:09:05 3.442343986593057E9 1.46844537313703E9 -2.479462527732235E9
2081-02-24_03:42:41 3.427740232346785E9 1.463084930544751E9 -2.503227929410626E9
2081-04-25_09:16:17 3.4130211945030904E9 1.457618706457833E9 -2.526925856757447E9
2081-06-24_13:49:53 3.398127131305107E9 1.4521342858642886E9 -2.550532302563765E9
2081-08-23_18:23:29 3.383134497148977E9 1.446551180654493E9 -2.5740186534794703E9
2081-10-22_22:57:05 3.3680137058786564E9 1.4409135878345082E9 -2.5974248431559496E9
2081-12-22_02:30:41 3.3527268015261593E9 1.43526196424151E9 -2.620725803357782E9
2082-02-20_07:04:17 3.33735311547996E9 1.4295164081136692E9 -2.6439123748835125E9
2082-04-21_12:37:53 3.3217931655710907E9 1.4237480318942418E9 -2.6670210805751057E9
2082-06-20_17:11:29 3.3061192762052774E9 1.4178738390653305E9 -2.6900304937665844E9
2082-08-19_21:45:05 3.2903317035989866E9 1.411951205713028E9 -2.712932870439003E9
2082-10-19_02:18:41 3.2743702254050617E9 1.4060112730464137E9 -2.7357354107559314E9
2082-12-18_05:52:17 3.2583179001358786E9 1.3999748911893575E9 -2.7584303594035687E9
2083-02-16_10:25:53 3.2421254466816587E9 1.3938788158276217E9 -2.781004852634661E9
2083-04-17_15:59:29 3.225768060606964E9 1.3877692322167509E9 -2.803487620300157E9
2083-06-16_20:33:05 3.2093036718072925E9 1.3815563004608936E9 -2.825880156278169E9
2083-08-16_01:06:41 3.1926767698191767E9 1.3753305532769191E9 -2.8481516475600863E9
2083-10-15_05:40:17 3.17594774089288E9 1.369003951398582E9 -2.870301633828759E9
2083-12-14_09:13:53 3.1590962336520944E9 1.3626245525706837E9 -2.8923513141216264E9
2084-02-12_13:47:29 3.142085361867241E9 1.356234112660406E9 -2.9142737059642997E9
2084-04-12_19:21:05 3.1249733507946496E9 1.3497423367849798E9 -2.936096310192513E9
2084-06-11_23:54:41 3.1076826796468153E9 1.343231300860173E9 -2.9578122622797003E9
2084-08-11_04:28:17 3.090291107169734E9 1.3366187238902047E9 -2.979400331573644E9
2084-10-10_09:01:53 3.0727896928747168E9 1.3299588931601324E9 -3.0008714583328834E9
2084-12-09_12:35:29 3.055119177080822E9 1.3232835071471946E9 -3.022224752656124E9
2085-02-07_17:09:05 3.0373730366307454E9 1.3165177069074662E9 -3.043442628318326E9
2085-04-08_22:42:41 3.01945185014032E9 1.3097341209284837E9 -3.06454713344945E9
2085-06-08_03:16:17 3.0014116506569147E9 1.302840673343215E9 -3.0855442458457284E9
2085-08-07_07:49:53 2.9832752601687617E9 1.2959054819406893E9 -3.106405745315262E9
2085-10-06_12:23:29 2.9649806893831987E9 1.288959543370645E9 -3.1271330257357755E9
2085-12-05_15:57:05 2.9465788684332366E9 1.281909097547202E9 -3.14773925590349E9
2086-02-03_20:30:41 2.928086475245835E9 1.274819238680527E9 -3.1682055833374314E9
2086-04-05_02:04:17 2.909425949778182E9 1.2677138386846516E9 -3.188548758402079E9
2086-06-04_06:37:53 2.8906583700358806E9 1.2605040889602947E9 -3.2087893397827506E9
2086-08-03_11:11:29 2.871757556116374E9 1.2532942369625862E9 -3.2288694910496025E9
2086-10-02_15:45:05 2.8527566959214926E9 1.2459822827154324E9 -3.2488209946153827E9
2086-12-01_19:18:41 2.8336555558263493E9 1.2386265473477907E9 -3.2686434146435976E9
2087-01-30_23:52:17 2.8144193208067856E9 1.2312696144237235E9 -3.288306980202282E9
2087-04-01_05:25:53 2.7950797271924086E9 1.2238096607222793E9 -3.307867072203907E9
2087-05-31_09:59:29 2.775588472465012E9 1.2163413900416424E9 -3.3272862802533607E9
2087-07-30_14:33:05 2.756020998947417E9 1.2087809390958517E9 -3.346552459255357E9
2087-09-28_19:06:41 2.7363451647084084E9 1.201173356701058E9 -3.365697668331772E9
2087-11-27_22:40:17 2.7165346383988986E9 1.1935643410597587E9 -3.384688592520722E9
2088-01-27_03:13:53 2.6966603537158694E9 1.185869319081637E9 -3.403537827672747E9
2088-03-27_07:47:29 2.6766484876038547E9 1.1781136424898171E9 -3.4222535806718473E9
2088-05-26_13:21:05 2.656515908242815E9 1.170362584483089E9 -3.4408212269118457E9
2088-07-25_17:54:41 2.636286189530957E9 1.1625110216843975E9 -3.4592786391263537E9
2088-09-23_22:28:17 2.615944372371221E9 1.1546675144413793E9 -3.4775620571324296E9
2088-11-23_02:01:53 2.5955212714296584E9 1.146730077872634E9 -3.4957023072554545E9
2089-01-22_06:35:29 2.5750127969927297E9 1.1387549480056934E9 -3.5137048223671646E9
2089-03-23_11:09:05 2.5543654874357777E9 1.1307759876575754E9 -3.5315591433712E9
2089-05-22_16:42:41 2.5336482642954087E9 1.1227082455933883E9 -3.549279844119128E9
2089-07-21_21:16:17 2.5127818550967155E9 1.1146324022801507E9 -3.5668600723365035E9
2089-09-20_01:49:53 2.4918621251582837E9 1.106474451269597E9 -3.5842769368184624E9
2089-11-19_05:23:29 2.470852790807861E9 1.0982769461329765E9 -3.601562364531469E9
2090-01-18_09:57:05 2.4497281820637245E9 1.090085252879697E9 -3.618680967862698E9
2090-03-19_14:30:41 2.428531356009085E9 1.081804255945761E9 -3.635672284906113E9
2090-05-18_20:04:17 2.407225399170668E9 1.073474559115331E9 -3.652510925843484E9
2090-07-18_00:37:53 2.3857988341473737E9 1.0651480999362649E9 -3.6692070759062386E9
2090-09-16_05:11:29 2.3643259105248904E9 1.0567434764142414E9 -3.685756165818053E9
2090-11-15_08:45:05 2.3427290519265094E9 1.048340859539277E9 -3.7021495819777536E9
2091-01-14_13:18:41 2.3210847835290356E9 1.0398594257839926E9 -3.718381235205232E9
2091-03-15_17:52:17 2.299343869163914E9 1.0313348714857906E9 -3.7344897049776435E9
2091-05-14_23:25:53 2.2774824961704087E9 1.0228131186492945E9 -3.7504387799306717E9
2091-07-14_03:59:29 2.2555549714746385E9 1.0142049226064663E9 -3.766259460328494E9
2091-09-12_08:33:05 2.2335309584043374E9 1.0056103173524156E9 -3.7819057729627657E9
2091-11-11_12:06:41 2.211431136156333E9 9.969240851398469E8 -3.7974123902764735E9
2092-01-10_16:40:17 2.189280757424978E9 9.882148659958502E8 -3.8127657978553305E9
2092-03-10_21:13:53 2.1670071937042537E9 9.795069773146528E8 -3.827966430334724E9
2092-05-10_02:47:29 2.1446654048994694E9 9.707121342496474E8 -3.8430400337068143E9
2092-07-09_07:21:05 2.1222111341025035E9 9.619230140956728E8 -3.8579518493797765E9
2092-09-07_11:54:41 2.0997017803210344E9 9.530516194953359E8 -3.872710856891425E9
2092-11-06_15:28:17 2.0771276822347455E9 9.441512528971179E8 -3.8873298790724025E9
2093-01-05_20:01:53 2.0544634419816928E9 9.352659891756831E8 -3.9017743040496287E9
2093-03-07_00:35:29 2.0317133838066404E9 9.262859268091482E8 -3.9160851123737326E9
2093-05-06_06:09:05 2.0089004090379436E9 9.172770342231135E8 -3.9302538978279634E9
2093-07-05_10:42:41 1.9859698694374754E9 9.082709258363503E8 -3.944266252401567E9
2093-09-03_15:16:17 1.9629895302633374E9 8.991862036758968E8 -3.9581392432248893E9
2093-11-02_18:49:53 1.939919651924354E9 8.901166347235985E8 -3.9718382273663054E9
2094-01-01_23:23:29 1.916805142153631E9 8.809695632778513E8 -3.9853801737864356E9
2094-03-03_03:57:05 1.8935951206785781E9 8.717800361953868E8 -3.9987984143861785E9
2094-05-02_09:30:41 1.8702933142764475E9 8.626035804795527E8 -4.012042697150983E9
2094-07-01_14:04:17 1.8469137603128965E9 8.533370642509301E8 -4.025161856247855E9
2094-08-30_18:37:53 1.823462372549072E9 8.440921008756652E8 -4.0380965657661514E9
2094-10-29_23:11:29 1.799951565383617E9 8.347640336918613E8 -4.0508807930662856E9
2094-12-29_02:45:05 1.776361352862502E9 8.254001502102022E8 -4.0635278292138247E9
2095-02-27_07:18:41 1.7527037625617268E9 8.160592380566996E8 -4.075987402158064E9
2095-04-28_12:52:17 1.7289692876074262E9 8.066287484310056E8 -4.088302798585818E9
2095-06-27_17:25:53 1.7051424499183252E9 7.971561675005237E8 -4.1004856791650066E9
2095-08-26_21:59:29 1.6812477483344977E9 7.877058141042863E8 -4.112479068615378E9
2095-10-26_02:33:05 1.6573027605416212E9 7.781776364412727E8 -4.124329723940428E9
2095-12-25_06:06:41 1.633259754200205E9 7.686585559050428E8 -4.1360059773805847E9
2096-02-23_10:40:17 1.6091839567445416E9 7.590689958736938E8 -4.1475132076020613E9
2096-04-23_16:13:53 1.585017080294707E9 7.494378144477077E8 -4.158882610321049E9
2096-06-22_20:47:29 1.5607581338175328E9 7.398175266884339E8 -4.1700737846774316E9
2096-08-22_01:21:05 1.5364658380665421E9 7.301274893691344E8 -4.1811097793939447E9
2096-10-21_05:54:41 1.512081060761187E9 7.204478321646243E8 -4.191966061153534E9
2096-12-20_09:28:17 1.4876511048408751E9 7.106922504268403E8 -4.202655882620977E9
2097-02-18_14:01:53 1.463179873041094E9 7.009168812264056E8 -4.2131851470652785E9
2097-04-19_19:35:29 1.4386030720689578E9 6.911454922669141E8 -4.2235388028606353E9
2097-06-19_00:09:05 1.4139717257220879E9 6.812955794686542E8 -4.2337437368892245E9
2097-08-18_04:42:41 1.3892899446768253E9 6.714207959363534E8 -4.243757399126888E9
2097-10-17_09:16:17 1.3645323461751022E9 6.615626040982282E8 -4.2535988609824038E9
2097-12-16_12:49:53 1.3397398996634796E9 6.516345274345752E8 -4.2632840081935415E9
2098-02-14_17:23:29 1.3148841472617657E9 6.417281664394834E8 -4.2727755659724813E9
2098-04-15_22:57:05 1.2899724666888692E9 6.317425239170254E8 -4.282101837555468E9
2098-06-15_03:30:41 1.2649947998545566E9 6.21725691998016E8 -4.2912738227094483E9
2098-08-14_08:04:17 1.2399589789207885E9 6.117317447306284E8 -4.300249629555016E9
2098-10-13_12:37:53 1.214894475639649E9 6.0167133246813E8 -4.309065289697808E9
2098-12-12_16:11:29 1.1897649501810575E9 5.916312273799919E8 -4.317688581064468E9
2099-02-10_20:45:05 1.1646056089638128E9 5.815229911592648E8 -4.326136898334565E9
2099-04-12_02:18:41 1.1393935007649271E9 5.713894303707409E8 -4.33442566241858E9
2099-06-11_06:52:17 1.1141061140031512E9 5.61270332865298E8 -4.34252527159089E9
2099-08-10_11:25:53 1.0887925508473957E9 5.510869810623242E8 -4.350462258822757E9
2099-10-09_15:59:29 1.0634536679786994E9 5.40888898271752E8 -4.358202432279944E9
2099-12-08_19:33:05 1.0380348394739348E9 5.30702726656131E8 -4.365769867653528E9
2100-02-07_00:06:41 1.0126239638014522E9 5.2046716087138206E8 -4.373166704361324E9
2100-04-08_05:40:17 9.87144841708445E8 5.1024839996876866E8 -4.380373410692822E9
2100-06-07_10:13:53 9.616079601273911E8 4.9995132710048157E8 -4.3874124870387E9
2100-08-06_14:47:29 9.3606488890183E8 4.8964852168704474E8 -4.394278132189569E9
2100-10-05_19:21:05 9.104794722069002E8 4.7937270626138246E8 -4.400948840524134E9
2100-12-04_22:54:41 8.8485783626795E8 4.6902910351187867E8 -4.40746080266573E9
2101-02-03_03:28:17 8.592240017257148E8 4.587259485217027E8 -4.413770543451525E9
2101-04-04_09:01:53 8.335464754608257E8 4.4835045094404286E8 -4.419909726424819E9
2101-06-03_13:35:29 8.07815386909278E8 4.379491156892301E8 -4.4258899545984125E9
2101-08-02_18:09:05 7.820741422730871E8 4.275875494156588E8 -4.431668206626543E9
2101-10-01_22:42:41 7.563145021969439E8 4.1716721913992476E8 -4.43728468811594E9
2101-12-01_02:16:17 7.305131770811995E8 4.067724976628456E8 -4.442707566339613E9
2102-01-30_06:49:53 7.047203592763758E8 3.963295070434159E8 -4.447951916316705E9
2102-03-31_12:23:29 6.788762301364715E8 3.858614999608505E8 -4.453037362175395E9
2102-05-30_16:57:05 6.529967605964981E8 3.7542117165022826E8 -4.457928771724658E9
2102-07-29_21:30:41 6.27118742530031E8 3.649313556103307E8 -4.4626423521631565E9
2102-09-28_02:04:17 6.012139849016546E8 3.5442628657883537E8 -4.467194507306128E9
2102-11-27_05:37:53 5.752942541564121E8 3.4395701141221905E8 -4.471552032914163E9
2103-01-26_10:11:29 5.493804480953487E8 3.3344058509299034E8 -4.475745964956846E9
2103-03-27_15:45:05 5.234192127723573E8 3.229463931480229E8 -4.479751885840747E9
2103-05-26_20:18:41 4.9743643290076345E8 3.123920109056089E8 -4.483587641348768E9
2103-07-26_00:52:17 4.714566646389827E8 3.0183594093262327E8 -4.487256746750224E9
2103-09-24_05:25:53 4.454528261871589E8 2.9131056865687835E8 -4.490735185696094E9
2103-11-23_08:59:29 4.194496266344382E8 2.807373438952295E8 -4.494054621832136E9
2104-01-22_13:33:05 3.934407168863381E8 2.7020225067273635E8 -4.497184449878955E9
2104-03-22_18:06:41 3.674118559084177E8 2.5960911742001647E8 -4.500143564482547E9
2104-05-21_23:40:17 3.413754321186673E8 2.4900943503076082E8 -4.502941419976212E9
2104-07-21_04:13:53 3.153009244318037E8 2.3843344342618454E8 -4.505552720417631E9
2104-09-19_08:47:29 2.8924638231611246E8 2.2781911784661633E8 -4.508004941816531E9
2104-11-18_12:21:05 2.6318178168614146E8 2.1719581325796515E8 -4.510270901149365E9
2105-01-17_16:54:41 2.3712105394919217E8 2.0661362265238768E8 -4.512361391486699E9
2105-03-18_21:28:17 2.1104496776759407E8 1.9597799776385018E8 -4.514297692603036E9
2105-05-18_03:01:53 1.8496157825710347E8 1.8537867031558803E8 -4.516046647088079E9
2105-07-17_07:35:29 1.5884322548693997E8 1.7471608441105115E8 -4.517625951609151E9
2105-09-15_12:09:05 1.327499923885987E8 1.6406136541998762E8 -4.519044841623365E9
2105-11-14_15:42:41 1.0664389428659932E8 1.5343886156830102E8 -4.520279920061621E9
2106-01-13_20:16:17 8.055902113365392E7 1.4278036326906303E8 -4.521356193889631E9
2106-03-15_00:49:53 5.445338264203818E7 1.3214996196642615E8 -4.522247709944156E9
2106-05-14_06:23:29 2.8334521981052488E7 1.214674392014903E8 -4.522968961838165E9
2106-07-13_10:57:05 2203485.263060048 1.1077654709559757E8 -4.523531355990175E9
2106-09-11_15:30:41 -2.3908780849732235E7 1.0013005955327518E8 -4.523907224734137E9
2106-11-10_19:04:17 -5.0035838525945894E7 8.943313599711E7 -4.524123124932514E9
2107-01-09_23:37:53 -7.613450984272559E7 7.874375835796474E7 -4.524156218670905E9
2107-03-11_04:11:29 -1.0224884092497534E8 6.80834048941354E7 -4.524016799689219E9
2107-05-10_09:45:05 -1.2837692181381273E8 5.7373194613758266E7 -4.523714552598471E9
2107-07-09_14:18:41 -1.5450906063222635E8 4.669666742423656E7 -4.52322610931343E9
2107-09-07_18:52:17 -1.8063331446140873E8 3.597933768715431E7 -4.522563919549225E9
2107-11-06_22:25:53 -2.0674687156096447E8 2.5262885193396777E7 -4.521740162164134E9
2108-01-06_02:59:29 -2.3283276958554852E8 1.459230980027917E7 -4.520729712117009E9
2108-03-06_07:33:05 -2.5894904148738092E8 3865916.478767365 -4.519554401124677E9
2108-05-05_13:06:41 -2.850441764662966E8 -6816901.16738753 -4.51819297692399E9
2108-07-04_17:40:17 -3.111575030041628E8 -1.7551546507305503E7 -4.516653648054646E9
2108-09-02_22:13:53 -3.372550262211119E8 -2.8282963241990108E7 -4.514947027474364E9
2108-11-02_01:47:29 -3.633280623167186E8 -3.897126616466391E7 -4.513054912796945E9
2109-01-01_06:21:05 -3.89380441584821E8 -4.9691586817054E7 -4.510997523255478E9
2109-03-02_10:54:41 -4.1542931968877256E8 -6.0415567853625864E7 -4.508750612313869E9
2109-05-01_16:28:17 -4.414898359335271E8 -7.111285134018978E7 -4.506322831263805E9
2109-06-30_21:01:53 -4.675542267222717E8 -8.185258005185083E7 -4.503724844791317E9
2109-08-30_01:35:29 -4.9356806416139156E8 -9.253893589228918E7 -4.500941494528607E9
2109-10-29_05:09:05 -5.1957275094802564E8 -1.0326234551240675E8 -4.497977908448166E9
2109-12-28_09:42:41 -5.455535289075284E8 -1.1397974306325708E8 -4.494845831951939E9
2110-02-26_14:16:17 -5.715166336753316E8 -1.2465951387626179E8 -4.491525814715861E9
2110-04-27_19:49:53 -5.974693137792377E8 -1.353742578780063E8 -4.488034452179741E9
2110-06-27_00:23:29 -6.234196452104352E8 -1.4605762337537503E8 -4.484350336017921E9
2110-08-26_04:57:05 -6.493271030479612E8 -1.5676311668104452E8 -4.480487831965308E9
2110-10-25_09:30:41 -6.752142068019212E8 -1.674637850900733E8 -4.476455930504946E9
2110-12-24_13:04:17 -7.01074416285034E8 -1.781244571929773E8 -4.472234793686304E9
2111-02-22_17:37:53 -7.268916581806914E8 -1.888040154854055E8 -4.467847390302972E9
2111-04-23_23:11:29 -7.526877403092151E8 -1.994471732853949E8 -4.463270038232073E9
2111-06-23_03:45:05 -7.784944993684525E8 -2.1013339426907727E8 -4.45850378201669E9
2111-08-22_08:18:41 -8.042433486989654E8 -2.2079864688561353E8 -4.453573103686163E9
2111-10-21_12:52:17 -8.29957773948485E8 -2.3142211883494002E8 -4.4484553482296095E9
2111-12-20_16:25:53 -8.556392320912865E8 -2.4206788054573312E8 -4.443157647527045E9
2112-02-18_20:59:29 -8.812721760470477E8 -2.5269773706811142E8 -4.437695126752947E9
2112-04-19_02:33:05 -9.068833885350076E8 -2.6329235971683145E8 -4.432042120544528E9
2112-06-18_07:06:41 -9.324780657781295E8 -2.739157084631951E8 -4.426215118126593E9
2112-08-17_11:40:17 -9.580039960238429E8 -2.844832386242436E8 -4.420209322201109E9
2112-10-16_16:13:53 -9.835109730269717E8 -2.9507950355898607E8 -4.414018863360758E9
2112-12-15_19:47:29 -1.0089685058541814E9 -3.0565848600434214E8 -4.407663566183969E9
2113-02-14_00:21:05 -1.0343519186816332E9 -3.16181291793933E8 -4.401134784804614E9
2113-04-15_05:54:41 -1.0597337524791268E9 -3.267373046988713E8 -4.394426016644046E9
2113-06-14_10:28:17 -1.0850656144055493E9 -3.3724824225496846E8 -4.38753589650486E9
2113-08-13_15:01:53 -1.1103536922058666E9 -3.477750565058615E8 -4.380467019388853E9
2113-10-12_19:35:29 -1.1355872300989149E9 -3.582825088040139E8 -4.373237553062622E9
2113-12-11_23:09:05 -1.1607570068686166E9 -3.6873992272281104E8 -4.365831661624051E9
2114-02-10_03:42:41 -1.185885131391223E9 -3.792116537158891E8 -4.358257468432037E9
2114-04-11_09:16:17 -1.2109671075671086E9 -3.8966901454356456E8 -4.3505013574679985E9
2114-06-10_13:49:53 -1.2360027888949165E9 -4.00084650785848E8 -4.342576022526196E9
2114-08-09_18:23:29 -1.2609921748911874E9 -4.105121134144947E8 -4.334482709941156E9
2114-10-08_22:57:05 -1.285902661793838E9 -4.208840890998341E8 -4.326221377072933E9
2114-12-08_02:30:41 -1.3107697640145845E9 -4.312691154446229E8 -4.317785236828597E9
2115-02-06_07:04:17 -1.3355759209127614E9 -4.4163253595375454E8 -4.309193353531368E9
2115-04-07_12:37:53 -1.3603179310303714E9 -4.519483774369286E8 -4.300430352167483E9
2115-06-06_17:11:29 -1.385044085277457E9 -4.622876772864934E8 -4.2914902591026454E9
2115-08-05_21:45:05 -1.409667983125611E9 -4.725623832999521E8 -4.282394976101296E9
2115-10-05_02:18:41 -1.4342462890909078E9 -4.828486554860395E8 -4.2731285756435614E9
2115-12-04_05:52:17 -1.4587770499390244E9 -4.931187350808559E8 -4.2637004105638747E9
2116-02-02_10:25:53 -1.4832016925033593E9 -5.033245937659424E8 -4.254121879029097E9
2116-04-02_15:59:29 -1.50759939831003E9 -5.1354687366065156E8 -4.2443736464773407E9
2116-06-01_20:33:05 -1.531935556268512E9 -5.237482352251116E8 -4.2344563494299197E9
2116-08-01_01:06:41 -1.5562143092888763E9 -5.339073753156268E8 -4.2243773338554015E9
2116-09-30_05:40:17 -1.580422738996089E9 -5.440636916329455E8 -4.214146279885777E9
2116-11-29_09:13:53 -1.6045577848767366E9 -5.541710853812578E8 -4.203755278044572E9
2117-01-28_13:47:29 -1.6286181868290203E9 -5.64273852825427E8 -4.1932096995083923E9
2117-03-29_19:21:05 -1.6526427541975605E9 -5.743660287846918E8 -4.182499963725388E9
2117-05-28_23:54:41 -1.6765913054062486E9 -5.844097019181277E8 -4.171633373918857E9
2117-07-28_04:28:17 -1.7004752055545576E9 -5.9445117267727E8 -4.1606145242556725E9
2117-09-26_09:01:53 -1.7242839243744867E9 -6.044445412009411E8 -4.1494394994505124E9
2117-11-25_12:35:29 -1.748031573723834E9 -6.144383121227363E8 -4.1381023358030267E9
2118-01-24_17:09:05 -1.7716985917473152E9 -6.244018350916864E8 -4.1266252194857755E9
2118-03-25_21:42:41 -1.795305263946171E9 -6.34324995182356E8 -4.1149859803590474E9
2118-05-25_03:16:17 -1.8188556824209876E9 -6.442478727913923E8 -4.103192101064912E9
2118-07-24_07:49:53 -1.8423338538971372E9 -6.541264092564485E8 -4.0912393568082123E9
2118-09-22_12:23:29 -1.8657521158080075E9 -6.64003665146308E8 -4.0791248794195967E9
2118-11-21_15:57:05 -1.8890960575913198E9 -6.738530503719977E8 -4.0668675740006995E9
2119-01-20_20:30:41 -1.9123433960916066E9 -6.836484720716876E8 -4.054467575710982E9
2119-03-22_01:04:17 -1.9355450195348225E9 -6.934472932290239E8 -4.0418972576190567E9
2119-05-21_06:37:53 -1.95867911380039E9 -7.032218641665887E8 -4.0291790773538823E9
2119-07-20_11:11:29 -1.9817470134014556E9 -7.129567453603946E8 -4.016299514560997E9
2119-09-18_15:45:05 -2.0047388269243555E9 -7.226804656427364E8 -4.0032729761355953E9
2119-11-17_19:18:41 -2.0276366315653017E9 -7.32352632314869E8 -3.9901001597504807E9
2120-01-16_23:52:17 -2.0504708739117138E9 -7.420196050577909E8 -3.9767654765183005E9
2120-03-17_04:25:53 -2.0732422779180727E9 -7.516639081195221E8 -3.963277861816621E9
2120-05-16_09:59:29 -2.095919253161996E9 -7.612584890341791E8 -3.9496450102897716E9
2120-07-15_14:33:05 -2.1185645917855597E9 -7.708591065803506E8 -3.9358333279391074E9
2120-09-13_19:06:41 -2.1410871884261475E9 -7.803981016754078E8 -3.921892904775656E9
2120-11-12_22:40:17 -2.1635503443231783E9 -7.899316816877819E8 -3.9077839727843256E9
2121-01-12_03:13:53 -2.1859306237725053E9 -7.994342523329319E8 -3.893530859741895E9
2121-03-13_07:47:29 -2.20821689095679E9 -8.088889940901337E8 -3.879130212248849E9
2121-05-12_13:21:05 -2.2304498889776516E9 -8.183388817269703E8 -3.8645555814935484E9
2121-07-11_17:54:41 -2.2526109267438555E9 -8.277630657437216E8 -3.849825401711497E9
2121-09-09_22:28:17 -2.2746512810240545E9 -8.371290894229172E8 -3.834964478764714E9
2121-11-09_02:01:53 -2.296637260945968E9 -8.464889451244129E8 -3.819932583669416E9
2122-01-08_06:35:29 -2.318492567480318E9 -8.557862132310737E8 -3.8047771587426114E9
2122-03-09_11:09:05 -2.3402952277356386E9 -8.650784931114073E8 -3.789442723188457E9
2122-05-08_16:42:41 -2.3620215049646096E9 -8.743427813745977E8 -3.773954202157986E9
2122-07-07_21:16:17 -2.3836440562818704E9 -8.835579477506316E8 -3.758321057912924E9
2122-09-06_01:49:53 -2.4051829874827886E9 -8.927523809066211E8 -3.7425343683103566E9
2122-11-05_05:23:29 -2.4266157550221906E9 -9.018970486359051E8 -3.726603024156956E9
2123-01-04_09:57:05 -2.4479524040375867E9 -9.1101614510759E8 -3.7105239878401394E9
2123-03-05_14:30:41 -2.4692212224482684E9 -9.201109241529527E8 -3.6942800146404095E9
2123-05-04_20:04:17 -2.490366078076766E9 -9.291496977741272E8 -3.6779063465807657E9
2123-07-04_00:37:53 -2.511450058230733E9 -9.381756730525935E8 -3.6613581008640027E9
2123-09-02_05:11:29 -2.5324276436853976E9 -9.471615654392865E8 -3.6446642411839576E9
2123-11-01_08:45:05 -2.5532785436799912E9 -9.560913125269576E8 -3.627846895890042E9
2123-12-31_13:18:41 -2.574037055386941E9 -9.649939293006966E8 -3.610879428651943E9
2124-02-29_17:52:17 -2.59469446272439E9 -9.738518521097893E8 -3.5937632871661754E9
2124-04-29_23:25:53 -2.6152623914009676E9 -9.82683574162524E8 -3.576492045656009E9
2124-06-29_03:59:29 -2.635744108935717E9 -9.914836005001092E8 -3.559064328758444E9
2124-08-28_08:33:05 -2.6560915836916404E9 -1.0002260339986136E9 -3.5415139678806324E9
2124-10-27_13:06:41 -2.6763471435562186E9 -1.0089397225369378E9 -3.523811730169307E9
2124-12-26_16:40:17 -2.696481914403722E9 -1.0176018083141333E9 -3.5059793847454114E9
2125-02-24_21:13:53 -2.716507688710021E9 -1.0262280783709335E9 -3.4880055714417043E9
2125-04-26_02:47:29 -2.7364402534570293E9 -1.0348191659884782E9 -3.4698807771372275E9
2125-06-25_07:21:05 -2.7562619580256896E9 -1.0433643808167366E9 -3.45161471078801E9
2125-08-24_11:54:41 -2.7759738941368613E9 -1.0518713186417327E9 -3.4332135697755938E9
2125-10-23_16:28:17 -2.7955508254669685E9 -1.0603227217889177E9 -3.4146927893656893E9
2125-12-22_20:01:53 -2.8150418239930043E9 -1.0687462367806116E9 -3.3960082650250564E9
2126-02-21_00:35:29 -2.83439967370237E9 -1.0771169057777872E9 -3.3772129958485894E9
2126-04-22_06:09:05 -2.853636059593354E9 -1.085439324465861E9 -3.3582902637946215E9
2126-06-21_10:42:41 -2.872796856669348E9 -1.0937366168738787E9 -3.339191851561559E9
2126-08-20_15:16:17 -2.8918210158777995E9 -1.1019801661397462E9 -3.3199845457498093E9
2126-10-19_19:49:53 -2.9107128794152756E9 -1.1101714618314488E9 -3.3006598040031137E9
2126-12-18_23:23:29 -2.929501994260043E9 -1.118324679242751E9 -3.28119463761316E9
2127-02-17_03:57:05 -2.9481362284115396E9 -1.1264163804770627E9 -3.261635552704304E9
2127-04-18_09:30:41 -2.9666912247604213E9 -1.1344801069439201E9 -3.2419078830225205E9
2127-06-17_14:04:17 -2.9851339136134744E9 -1.1425000017037702E9 -3.222049622061752E9
2127-08-16_18:37:53 -3.0034218280636015E9 -1.1504601220078716E9 -3.202102086357485E9
2127-10-15_23:11:29 -3.02161501248603E9 -1.1583835889654984E9 -3.182001598388855E9
2127-12-15_02:45:05 -3.0396568449102955E9 -1.1662488231477854E9 -3.1618112531054807E9
2128-02-13_07:18:41 -3.057586031945179E9 -1.1740694181967058E9 -3.1414935275488367E9
2128-04-13_12:52:17 -3.0754122174901195E9 -1.1818507210691543E9 -3.1210343287920847E9
2128-06-12_17:25:53 -3.093098690719442E9 -1.189580236473151E9 -3.1004728502870917E9
2128-08-11_21:59:29 -3.1106763065677066E9 -1.1972650915326521E9 -3.0797790481782084E9
2128-10-11_02:33:05 -3.1281252772088804E9 -1.2048993623632896E9 -3.0589787453548694E9
2128-12-10_06:06:41 -3.145427321106076E9 -1.212480084917917E9 -3.038086058139277E9
2129-02-08_10:40:17 -3.1626202300648875E9 -1.2200148765993433E9 -3.0170649217554307E9
2129-04-09_16:13:53 -3.179674033083821E9 -1.2274995606988385E9 -2.9959485915459495E9
2129-06-08_20:47:29 -3.1966371426965117E9 -1.2349460734322476E9 -2.974682973218075E9
2129-08-08_01:21:05 -3.213468624540708E9 -1.2423408294295294E9 -2.953312080089902E9
2129-10-07_05:54:41 -3.2301468997012906E9 -1.249680713547546E9 -2.931864953108368E9
2129-12-06_09:28:17 -3.2467214155046167E9 -1.2569752308059108E9 -2.9102854261491385E9
2130-02-04_14:01:53 -3.263145456542564E9 -1.2642161918721163E9 -2.88863008611323E9
2130-04-05_19:35:29 -3.27946944287741E9 -1.2714135652114503E9 -2.86683586920001E9
2130-06-05_00:09:05 -3.2956792444976583E9 -1.2785664891536815E9 -2.8449202983607063E9
2130-08-04_04:42:41 -3.311738468648449E9 -1.2856674893974626E9 -2.8229288933442907E9
2130-10-03_09:16:17 -3.3276862096371856E9 -1.2927177875446827E9 -2.8008162101898336E9
2130-12-02_12:49:53 -3.343512564952609E9 -1.2997209983400912E9 -2.778589820217721E9
2131-01-31_17:23:29 -3.359175219468266E9 -1.3066676332051578E9 -2.756309665582644E9
2131-04-01_22:57:05 -3.3747434556321425E9 -1.3135701173792148E9 -2.7338842939318585E9
2131-06-01_03:30:41 -3.3901822786012754E9 -1.3204315033485072E9 -2.711355315923888E9
2131-07-31_08:04:17 -3.405495765491944E9 -1.3272346571948032E9 -2.6887229310259123E9
2131-09-29_12:37:53 -3.4206806788296986E9 -1.3339877306282306E9 -2.6659870612837915E9
2131-11-28_16:11:29 -3.4357236259414124E9 -1.3406953070660388E9 -2.6431649568430696E9
2132-01-27_20:45:05 -3.4506415675059795E9 -1.3473434944521546E9 -2.6202405728665566E9
2132-03-28_01:18:41 -3.4654205011619987E9 -1.3539482516555257E9 -2.5972253008013053E9
2132-05-27_06:52:17 -3.480096539599536E9 -1.3605031533177588E9 -2.57407266698491E9
2132-07-26_11:25:53 -3.4946452955669904E9 -1.3670081365447364E9 -2.5508104654162445E9
2132-09-24_15:59:29 -3.509038694203376E9 -1.373463510057486E9 -2.527481307611415E9
2132-11-23_19:33:05 -3.523312719573714E9 -1.379860716945865E9 -2.5040347720899053E9
2133-01-23_00:06:41 -3.5374450714895816E9 -1.386201792942602E9 -2.48050745120845E9
2133-03-24_04:40:17 -3.5514397878429575E9 -1.3925024014820395E9 -2.4568797422767386E9
2133-05-23_10:13:53 -3.5653141870120735E9 -1.398742642591877E9 -2.4331358795882206E9
2133-07-22_14:47:29 -3.579044266562283E9 -1.4049406414467537E9 -2.4093040453847394E9
2133-09-20_19:21:05 -3.592652990145411E9 -1.4110772307849483E9 -2.3853558902823043E9
2133-11-19_22:54:41 -3.6061181624997196E9 -1.4171571259706838E9 -2.361317560195963E9
2134-01-19_03:28:17 -3.6194184486567187E9 -1.4231861423618984E9 -2.337229327570416E9
2134-03-20_08:01:53 -3.6326123921707E9 -1.4291596790350697E9 -2.3129915006999307E9
2134-05-19_13:35:29 -3.6456443165875587E9 -1.435084521013673E9 -2.2886970024956207E9
2134-07-18_18:09:05 -3.6585696449210143E9 -1.4409531382995195E9 -2.264252726894858E9
2134-09-16_22:42:41 -3.6713379533931065E9 -1.446758531203172E9 -2.2397412106336E9
2134-11-16_02:16:17 -3.6839457073916874E9 -1.4525172873561904E9 -2.2151659221079235E9
2135-01-15_06:49:53 -3.696423845606157E9 -1.4582087126672676E9 -2.190478693729751E9
2135-03-16_11:23:29 -3.708750942652742E9 -1.4638394680211668E9 -2.1657218788686957E9
2135-05-15_16:57:05 -3.720942423863912E9 -1.4694354118684378E9 -2.1408481980110598E9
2135-07-14_21:30:41 -3.733004405452873E9 -1.474962760363854E9 -2.115856174119854E9
2135-09-13_02:04:17 -3.744889147353143E9 -1.4804378511189585E9 -2.090833044699111E9
2135-11-12_05:37:53 -3.7566454887568536E9 -1.4858437413895447E9 -2.0656958603975024E9
2136-01-11_10:11:29 -3.7682481823907504E9 -1.4911881376178358E9 -2.0404803602264428E9
2136-03-11_14:45:05 -3.7796894749536676E9 -1.4964881808631363E9 -2.015201361447962E9
2136-05-10_20:18:41 -3.791001231075551E9 -1.5017178932749195E9 -1.9897999965411952E9
2136-07-10_00:52:17 -3.8021503480101995E9 -1.5069027540708964E9 -1.9643371908620784E9
2136-09-08_05:25:53 -3.813159709545681E9 -1.5120124017332969E9 -1.9387848693057952E9
2136-11-07_08:59:29 -3.824017686986578E9 -1.517061649783439E9 -1.9131387291098514E9
2137-01-06_13:33:05 -3.834694142317982E9 -1.5220590858689508E9 -1.8874737964944205E9
2137-03-07_18:06:41 -3.845241161409272E9 -1.5269844079041655E9 -1.8616842081522493E9
2137-05-06_23:40:17 -3.8556238695629025E9 -1.531865750104275E9 -1.8358388066261497E9
2137-07-06_04:13:53 -3.8658736922243247E9 -1.5366731062473857E9 -1.8098813995134685E9
2137-09-04_08:47:29 -3.875955805815391E9 -1.5414129090153987E9 -1.7838679040901074E9
2137-11-03_12:21:05 -3.8858707077938304E9 -1.5461083359440372E9 -1.7578018775127285E9
2138-01-02_16:54:41 -3.89563785089199E9 -1.5507223912037253E9 -1.7316675665502183E9
2138-03-03_21:28:17 -3.90525395328388E9 -1.5552759860711462E9 -1.7054337578530917E9
2138-05-03_03:01:53 -3.914694884068233E9 -1.559782969535273E9 -1.679170785693562E9
2138-07-02_07:35:29 -3.923998800694203E9 -1.5642113975205472E9 -1.65279512519476E9
2138-08-31_12:09:05 -3.933127463311175E9 -1.5685944192823799E9 -1.626391911029525E9
2138-10-30_15:42:41 -3.9421102528531227E9 -1.5728943814299116E9 -1.599909209507352E9
2138-12-29_20:16:17 -3.9509230856025295E9 -1.5771256481183393E9 -1.5733815962402778E9
2139-02-28_00:49:53 -3.9595730892035036E9 -1.5813168854809096E9 -1.5467950480943878E9
2139-04-29_06:23:29 -3.968074794826454E9 -1.5854238550264137E9 -1.520131107250016E9
2139-06-28_10:57:05 -3.9764075898274527E9 -1.5894885891787107E9 -1.4934215055457635E9
2139-08-27_15:30:41 -3.984595503247883E9 -1.5934692661673772E9 -1.4666358301845336E9
2139-10-26_19:04:17 -3.9926154741542807E9 -1.5973817466004567E9 -1.4398050560630097E9
2139-12-25_23:37:53 -4.0004569440588446E9 -1.6012494814808097E9 -1.4129712026591616E9
2140-02-24_04:11:29 -4.0081579457406406E9 -1.6050343177561648E9 -1.3860283436558335E9
2140-04-24_09:45:05 -4.0157019315471478E9 -1.6087552949863021E9 -1.3590489498577263E9
2140-06-23_14:18:41 -4.0230771137567625E9 -1.6124361671171649E9 -1.3320187246011412E9
2140-08-22_18:52:17 -4.030296457228318E9 -1.6160263249534974E9 -1.304941389733295E9
2140-10-21_23:25:53 -4.03734154590926E9 -1.6195751935719228E9 -1.2778500155038755E9
2140-12-21_02:59:29 -4.0442477196023316E9 -1.6230390664656396E9 -1.2506762071662421E9
2141-02-19_07:33:05 -4.0509822737505264E9 -1.6264330818939028E9 -1.22348796490794E9
2141-04-20_13:06:41 -4.0575516426761007E9 -1.6297904671181202E9 -1.196267758326404E9
2141-06-19_17:40:17 -4.063979589841612E9 -1.6330613573391445E9 -1.1689498591892817E9
2141-08-18_22:13:53 -4.070230434871573E9 -1.6362909872406611E9 -1.1416512128740945E9
2141-10-18_02:47:29 -4.076340589742874E9 -1.6394332599918363E9 -1.1142862362739122E9
2141-12-17_06:21:05 -4.0822887601672797E9 -1.6425101233434815E9 -1.0868717029058733E9
2142-02-15_10:54:41 -4.088061079490645E9 -1.6455467936667147E9 -1.0594825709337548E9
2142-04-16_16:28:17 -4.093694094330385E9 -1.6484968040100727E9 -1.0319973826915824E9
2142-06-15_21:01:53 -4.099172900503548E9 -1.6513835099873588E9 -1.0044972067949322E9
2142-08-15_01:35:29 -4.1044851224597683E9 -1.6542353854635186E9 -9.769559492367173E8
2142-10-14_06:09:05 -4.109645940069877E9 -1.656993937544211E9 -9.493692423637747E8
2142-12-13_09:42:41 -4.1146384977026396E9 -1.6597174977166383E9 -9.217894387688762E8
2143-02-11_14:16:17 -4.1194878628487964E9 -1.6623497358542643E9 -8.941699715634995E8
2143-04-12_19:49:53 -4.1241800311008644E9 -1.6649186791160676E9 -8.664878296750506E8
2143-06-12_00:23:29 -4.128707542332611E9 -1.6674545683849201E9 -8.387965821425521E8
2143-08-11_04:57:05 -4.1330852947020855E9 -1.6698963784917347E9 -8.110637585707737E8
2143-10-10_09:30:41 -4.1372978417457156E9 -1.6723055524019184E9 -7.833181099045739E8
2143-12-09_13:04:17 -4.1413690210401497E9 -1.6746233783163557E9 -7.555290427267625E8
2144-02-07_17:37:53 -4.1452745004844804E9 -1.6768738393985486E9 -7.277200770158025E8
2144-04-07_23:11:29 -4.1490167584512386E9 -1.6790933321882854E9 -6.999002683833921E8
2144-06-07_03:45:05 -4.1526131581021805E9 -1.6812190879023354E9 -6.720060914662666E8
2144-08-06_08:18:41 -4.1560425829647098E9 -1.6833123996178222E9 -6.44121379155263E8
2144-10-05_12:52:17 -4.159328590856754E9 -1.685312171506826E9 -6.16196683444291E8
2144-12-04_16:25:53 -4.1624488476749105E9 -1.687244648323218E9 -5.882430543190162E8
2145-02-02_20:59:29 -4.1654010941576967E9 -1.6891455310607443E9 -5.603011517564632E8
2145-04-04_02:33:05 -4.1682134238896685E9 -1.6909531039121792E9 -5.323014603860248E8
2145-06-03_07:06:41 -4.1708610220928707E9 -1.692693900657484E9 -5.0425801918746835E8
2145-08-02_11:40:17 -4.17333981663208E9 -1.6944033579329758E9 -4.762251513867054E8
2145-10-01_16:13:53 -4.1756651281362896E9 -1.6960128805332613E9 -4.4815446435796994E8
2145-11-30_19:47:29 -4.1778240586131163E9 -1.6975935141954033E9 -4.200790833269665E8
2146-01-30_00:21:05 -4.179835485820114E9 -1.6990758604163063E9 -3.9199007383780015E8
2146-03-31_05:54:41 -4.181679166028542E9 -1.7004899629254823E9 -3.638598258277011E8
2146-05-30_10:28:17 -4.18335655992823E9 -1.7018748104265926E9 -3.357063680253757E8
2146-07-29_15:01:53 -4.184878093849248E9 -1.7031583556688998E9 -3.0754013165757453E8
2146-09-27_19:35:29 -4.1862294701207542E9 -1.7044113861959417E9 -2.793837429128058E8
2146-11-26_23:09:05 -4.1874328210343523E9 -1.705564926723457E9 -2.5117408026775625E8
2147-01-26_03:42:41 -4.1884634245320196E9 -1.7066475918260756E9 -2.229816589663271E8
2147-03-27_09:16:17 -4.189326550206891E9 -1.7077024109398263E9 -1.9478062842218837E8
2147-05-26_13:49:53 -4.1900322770339494E9 -1.7086535823808336E9 -1.6651225086712316E8
2147-07-25_18:23:29 -4.1905809963888817E9 -1.709539990676419E9 -1.382627846035215E8
2147-09-23_22:57:05 -4.190950042445123E9 -1.710393578053573E9 -1.1001630531059845E8
2147-11-23_02:30:41 -4.1911603490024014E9 -1.7111418450687542E9 -8.174738122394232E7
2148-01-22_07:04:17 -4.1911981267203503E9 -1.7118614432612946E9 -5.3516893914206915E7
2148-03-22_11:37:53 -4.19108531816778E9 -1.7124776222605603E9 -2.522352852690369E7
2148-05-21_17:11:29 -4.1907980462136507E9 -1.7130220492478878E9 3063813.9464763766
2148-07-20_21:45:05 -4.190339270977957E9 -1.713538691948757E9 3.135167685713631E7
2148-09-19_02:18:41 -4.18971690809856E9 -1.7139467685215197E9 5.9656822774154894E7
2148-11-18_05:52:17 -4.1889223678149986E9 -1.7143263646324153E9 8.792847284343302E7
2149-01-17_10:25:53 -4.1879761608640904E9 -1.7146008905148666E9 1.1620355227276559E8
2149-03-18_14:59:29 -4.1868524251049805E9 -1.7148028426885812E9 1.4450836096303713E8
2149-05-17_20:33:05 -4.1855559864519205E9 -1.714977189942274E9 1.727740282881823E8
2149-07-17_01:06:41 -4.184095473562722E9 -1.71504141282222E9 2.010793133830935E8
2149-09-15_05:40:17 -4.182476666221994E9 -1.715039670217549E9 2.293715515744686E8
2149-11-14_09:13:53 -4.18067585487787E9 -1.7150074738640628E9 2.576226220821554E8
2150-01-13_13:47:29 -4.1787102177313786E9 -1.714863421900345E9 2.858759700171315E8
2150-03-14_18:21:05 -4.176571989187029E9 -1.7146933723420691E9 3.141067413469775E8
2150-05-13_23:54:41 -4.174280520377964E9 -1.714415024976616E9 3.4234891535299456E8
2150-07-13_04:28:17 -4.1718078769154305E9 -1.7140621396921532E9 3.706082275270727E8
2150-09-11_09:01:53 -4.1691641144055543E9 -1.7136839197531374E9 3.987984552438084E8
2150-11-10_12:35:29 -4.1663559650659895E9 -1.7131927941198058E9 4.269941933079314E8
2151-01-09_17:09:05 -4.1633767335404425E9 -1.7126770067293887E9 4.551431852463145E8
2151-03-10_21:42:41 -4.1602425136738734E9 -1.7120512108223252E9 4.8330184380618256E8
2151-05-10_03:16:17 -4.1569308437649345E9 -1.7113521383866131E9 5.1143588884665096E8
2151-07-09_07:49:53 -4.1534445097081075E9 -1.7106271045022995E9 5.395608155596639E8
2151-09-07_12:23:29 -4.1497981859330835E9 -1.7097899846869464E9 5.676504389150931E8
2151-11-06_15:57:05 -4.145978410109787E9 -1.708927658663802E9 5.957065860824354E8
2152-01-05_20:30:41 -4.142010905198955E9 -1.707957303751581E9 6.23722021548552E8
2152-03-06_01:04:17 -4.1378649575134783E9 -1.7069131421051276E9 6.517277592786216E8
2152-05-05_06:37:53 -4.1335490234688435E9 -1.705846086510525E9 6.796965313136659E8
2152-07-04_11:11:29 -4.1290801738259883E9 -1.7046680363867145E9 7.07661943838496E8
2152-09-02_15:45:05 -4.124439797321828E9 -1.7034189180915554E9 7.355710536985644E8
2152-11-01_19:18:41 -4.1196302970447702E9 -1.7021475931672785E9 7.634408723523836E8
2152-12-31_23:52:17 -4.114666159858118E9 -1.7007639952172837E9 7.912617238234042E8
2153-03-02_04:25:53 -4.109532923784175E9 -1.699359491854546E9 8.190470947797085E8
2153-05-01_09:59:29 -4.104250977536051E9 -1.6978440483725796E9 8.468235001606648E8
2153-06-30_14:33:05 -4.098796162442083E9 -1.6962569756084409E9 8.745686404876872E8
2153-08-29_19:06:41 -4.0931793238623853E9 -1.6946512262716355E9 9.022491031041918E8
2153-10-28_22:40:17 -4.0874070587692413E9 -1.6929327592729228E9 9.298931739807725E8
2153-12-28_03:13:53 -4.081477881835489E9 -1.6911982350192397E9 9.574572075515057E8
2154-02-26_07:47:29 -4.075398410665145E9 -1.6893515026223643E9 9.85029530809936E8
2154-04-27_13:21:05 -4.069153531963018E9 -1.6874358394955747E9 1.0125437868727041E9
2154-06-26_17:54:41 -4.0627450467781196E9 -1.6855022948977315E9 1.0400177755777794E9
2154-08-25_22:28:17 -4.056195867064636E9 -1.6834608528351371E9 1.0674550736095192E9
2154-10-25_03:01:53 -4.0494819710606956E9 -1.6813504278606966E9 1.0948349413746443E9
2154-12-24_06:35:29 -4.042610797861402E9 -1.679224703418143E9 1.122152716158302E9
2155-02-22_11:09:05 -4.035589435100683E9 -1.6769863940054724E9 1.1494288880844834E9
2155-04-23_16:42:41 -4.0284111017380605E9 -1.6747341801517348E9 1.176650056605803E9
2155-06-22_21:16:17 -4.0210844751703763E9 -1.672368566858995E9 1.2038733010333328E9
2155-08-22_01:49:53 -4.0136014516842155E9 -1.6699377827079747E9 1.2310138523234847E9
2155-10-21_06:23:29 -4.0059629407449007E9 -1.667493810922483E9 1.2580917805808003E9
2155-12-20_09:57:05 -3.998170909102892E9 -1.6649350753195133E9 1.2851424456873164E9
2156-02-18_14:30:41 -3.990231923960887E9 -1.662366607351972E9 1.3121018605591893E9
2156-04-18_20:04:17 -3.9821506021350756E9 -1.6596864960716987E9 1.3390456744939573E9
2156-06-18_00:37:53 -3.9738973265097256E9 -1.656935001895181E9 1.3659632046876593E9
2156-08-17_05:11:29 -3.965498927987207E9 -1.654175228211097E9 1.3927864810187843E9
2156-10-16_09:45:05 -3.9569496059039435E9 -1.6513009501288E9 1.4195705840984237E9
2156-12-15_13:18:41 -3.948257166822786E9 -1.6483660724269147E9 1.446315656572791E9
2157-02-13_17:52:17 -3.939409170583729E9 -1.6454192700969615E9 1.472961787429943E9
2157-04-14_23:25:53 -3.930403066994403E9 -1.642353897198074E9 1.4995918286527998E9
2157-06-14_03:59:29 -3.921239925862495E9 -1.6392760543425775E9 1.5261664332822068E9
2157-08-13_08:33:05 -3.911946222235875E9 -1.6360903668451629E9 1.5526811022705858E9
2157-10-12_13:06:41 -3.902484592110148E9 -1.6328346379315705E9 1.5791457886584198E9
2157-12-11_16:40:17 -3.892873213832947E9 -1.6295696219804194E9 1.605529662292311E9
2158-02-09_21:13:53 -3.883118576755087E9 -1.626191733964019E9 1.6318473480359852E9
2158-04-11_02:47:29 -3.8732004283290553E9 -1.62279888225244E9 1.658126029473977E9
2158-06-10_07:21:05 -3.8631428791235976E9 -1.6192936562080495E9 1.6843662938624985E9
2158-08-09_11:54:41 -3.8529286601522255E9 -1.615723184193418E9 1.710520161051773E9
2158-10-08_16:28:17 -3.842555040777317E9 -1.6121396804207556E9 1.7366159757370543E9
2158-12-07_20:01:53 -3.832037484386788E9 -1.6084422048761816E9 1.7626456149408495E9
2159-02-06_00:35:29 -3.821382308183759E9 -1.604686937821007E9 1.7886093221370025E9
2159-04-07_06:09:05 -3.8105588133431907E9 -1.6009151766750882E9 1.8145006024976661E9
2159-06-06_10:42:41 -3.799579464399165E9 -1.5970234775204737E9 1.8403515898062923E9
2159-08-05_15:16:17 -3.7884489349297276E9 -1.5931234668939517E9 1.8661222011963773E9
2159-10-04_19:49:53 -3.7771851013794475E9 -1.5891126282731233E9 1.891826858290488E9
2159-12-03_23:23:29 -3.765758557070214E9 -1.5850333758673143E9 1.917452426872207E9
2160-02-02_03:57:05 -3.7541804747024407E9 -1.5809449792485921E9 1.9429952717134597E9
2160-04-02_09:30:41 -3.7424520078593416E9 -1.5767387072572482E9 1.9684792691872823E9
2160-06-01_14:04:17 -3.7305610600996017E9 -1.572519682375028E9 1.9939035438523254E9
2160-07-31_18:37:53 -3.7185375334359784E9 -1.568188762460516E9 2.0192547685192666E9
2160-09-29_23:11:29 -3.706355669239695E9 -1.5637911668746455E9 2.044515408256057E9
2160-11-29_02:45:05 -3.6940199008157954E9 -1.5593843312892861E9 2.0696946640424542E9
2161-01-28_07:18:41 -3.6815402381227436E9 -1.554861697321793E9 2.0947897448785858E9
2161-03-29_12:52:17 -3.6689035664211144E9 -1.5503283353118594E9 2.119810128213868E9
2161-05-28_17:25:53 -3.656119075088933E9 -1.5456758397241983E9 2.1447870906459627E9
2161-07-27_21:59:29 -3.6431864661321383E9 -1.5409614409452872E9 2.169648195241821E9
2161-09-26_02:33:05 -3.6301013032446938E9 -1.5362383607211187E9 2.194420163461603E9
2161-11-25_06:06:41 -3.6168755454999824E9 -1.531400089544018E9 2.2191279884297442E9
2162-01-24_10:40:17 -3.603504598659878E9 -1.526499906027667E9 2.243713889469295E9
2162-03-25_15:13:53 -3.58997229589146E9 -1.5215876148756564E9 2.268227643769502E9
2162-05-24_20:47:29 -3.576291485404753E9 -1.5165561142574615E9 2.292660536889525E9
2162-07-24_01:21:05 -3.5624553233806767E9 -1.5115155512615674E9 2.3170098692797766E9
2162-09-22_05:54:41 -3.54849692436749E9 -1.5063656490902562E9 2.3412592926083207E9
2162-11-21_09:28:17 -3.5343740253339486E9 -1.5011463358381598E9 2.3654163792630825E9
2163-01-20_14:01:53 -3.520117676148955E9 -1.4959268890651462E9 2.389447801900272E9
2163-03-21_18:35:29 -3.505705025337583E9 -1.4905845295411868E9 2.4134102417732887E9
2163-05-21_00:09:05 -3.4911497167894287E9 -1.4852379777432764E9 2.4372661456382785E9
2163-07-20_04:42:41 -3.4764572602603645E9 -1.4797757184671953E9 2.461045710717645E9
2163-09-18_09:16:17 -3.461614481529513E9 -1.4742496973106737E9 2.484707084689851E9
2163-11-17_12:49:53 -3.446630858851794E9 -1.468720427516331E9 2.508258143272824E9
2164-01-16_17:23:29 -3.431531868965358E9 -1.4630851421053805E9 2.531696571948931E9
2164-03-16_21:57:05 -3.4162658085873165E9 -1.4573783186181364E9 2.5550454404592667E9
2164-05-16_03:30:41 -3.400863932062426E9 -1.4516703733052704E9 2.5782779626358676E9
2164-07-15_08:04:17 -3.3853178826948724E9 -1.4458437457373145E9 2.601419517396995E9
2164-09-13_12:37:53 -3.3696332593900604E9 -1.440014779762336E9 2.62444758847521E9
2164-11-12_16:11:29 -3.3538351744630394E9 -1.434080136020617E9 2.647361844396867E9
2165-01-11_20:45:05 -3.3378973368361435E9 -1.4280855970742097E9 2.6701463335252614E9
2165-03-13_01:18:41 -3.321815259817896E9 -1.422086374437796E9 2.6928308818787317E9
2165-05-12_06:52:17 -3.305607067860537E9 -1.4159757290391512E9 2.715398123537528E9
2165-07-11_11:25:53 -3.2892436414744635E9 -1.4098560784393778E9 2.73787989571437E9
2165-09-09_15:59:29 -3.2727872061376166E9 -1.4036382917963588E9 2.760225306257955E9
2165-11-08_19:33:05 -3.256188923434668E9 -1.3973599920898378E9 2.782447816599811E9
2166-01-08_00:06:41 -3.239460928738497E9 -1.3910829774277496E9 2.804550956699496E9
2166-03-09_04:40:17 -3.2226092180342216E9 -1.384695458835223E9 2.8265379914750714E9
2166-05-08_10:13:53 -3.205644532665397E9 -1.378259324660384E9 2.848416194474756E9
2166-07-07_14:47:29 -3.1885183841723456E9 -1.3718110120307567E9 2.8701977941849403E9
2166-09-05_19:21:05 -3.171293635889104E9 -1.3652625433369431E9 2.8918311860134587E9
2166-11-04_22:54:41 -3.1539324778658314E9 -1.3587130205605078E9 2.913359531658912E9
2167-01-04_03:28:17 -3.1364876705460443E9 -1.3520697653534791E9 2.9347476296012793E9
2167-03-05_08:01:53 -3.11889904480132E9 -1.3453644290376678E9 2.956021382143654E9
2167-05-04_13:35:29 -3.101176344230498E9 -1.338658422188602E9 2.9771899175286994E9
2167-07-03_18:09:05 -3.083338631235575E9 -1.3318453478384356E9 2.9982372479553013E9
2167-09-01_22:42:41 -3.06538699460349E9 -1.3250412296650379E9 3.0191558921419377E9
2167-11-01_02:16:17 -3.0473279582024455E9 -1.3181319488567529E9 3.0399660122202024E9
2167-12-31_06:49:53 -3.029161383215713E9 -1.311176370928515E9 3.06062004044708E9
2168-02-29_11:23:29 -3.0108589115132723E9 -1.3042197830935106E9 3.0811744263510637E9
2168-04-29_16:57:05 -2.992443527720301E9 -1.2971566958537207E9 3.1016057709007244E9
2168-06-28_21:30:41 -2.9738976822191443E9 -1.2900950849119549E9 3.1219304033478994E9
2168-08-28_02:04:17 -2.955262192732185E9 -1.282935788101299E9 3.1421283783182497E9
2168-10-27_06:37:53 -2.9365100227205024E9 -1.2757265557502463E9 3.1621835628942313E9
2168-12-26_10:11:29 -2.917636470870763E9 -1.2685222346749876E9 3.182122434711511E9
2169-02-24_14:45:05 -2.8986725497141404E9 -1.2612210434626434E9 3.2019341993576202E9
2169-04-25_20:18:41 -2.8795827448651834E9 -1.2538649013064265E9 3.22161574701266E9
2169-06-25_00:52:17 -2.860358855154694E9 -1.2465082342770731E9 3.2411954134185963E9
2169-08-24_05:25:53 -2.8410385056358337E9 -1.2390520042493174E9 3.260633167487001E9
2169-10-23_09:59:29 -2.821603202023132E9 -1.2316037175332942E9 3.2799472909076996E9
2169-12-22_13:33:05 -2.802077441042593E9 -1.2240572641975265E9 3.299135769294613E9
2170-02-20_18:06:41 -2.782437464098098E9 -1.21646171915306E9 3.3181792366332793E9
2170-04-21_23:40:17 -2.762673607863888E9 -1.2088695702520916E9 3.337108776840787E9
2170-06-21_04:13:53 -2.742796223610127E9 -1.2011704181662676E9 3.3559134308680177E9
2170-08-20_08:47:29 -2.72280371661706E9 -1.1934787004117024E9 3.374595007808292E9
2170-10-19_13:21:05 -2.70273158228549E9 -1.1856938595128865E9 3.3931392187036123E9
2170-12-18_16:54:41 -2.6825341750775447E9 -1.1778547251223328E9 3.4115457420170736E9
2171-02-16_21:28:17 -2.662238443750523E9 -1.1700296589475448E9 3.429812595481724E9
2171-04-18_03:01:53 -2.6418431422610955E9 -1.1621036678843002E9 3.447960230931726E9
2171-06-17_07:35:29 -2.621309630685781E9 -1.1541173166678953E9 3.465982675586246E9
2171-08-16_12:09:05 -2.600681171070583E9 -1.1461463089935806E9 3.483861233066476E9
2171-10-15_16:42:41 -2.5799573930205293E9 -1.1380762656165016E9 3.5015938259550514E9
2171-12-14_20:16:17 -2.5591068754225655E9 -1.1300079097547305E9 3.5192099528333063E9
2172-02-13_00:49:53 -2.538195496389529E9 -1.1218545976248682E9 3.5366695200828366E9
2172-04-13_06:23:29 -2.517158866804383E9 -1.1136468021009626E9 3.553989061151147E9
2172-06-12_10:57:05 -2.495981200895813E9 -1.105433873911025E9 3.571203137066346E9
2172-08-11_15:30:41 -2.474736185137015E9 -1.0971338742049425E9 3.588246358655963E9
2172-10-10_20:04:17 -2.4533646672564673E9 -1.0888357237292852E9 3.605168807539E9
2172-12-09_23:37:53 -2.4319239344469714E9 -1.080448519845195E9 3.6219395559948587E9
2173-02-08_04:11:29 -2.4103871083375764E9 -1.0720195345795369E9 3.638544176428227E9
2173-04-09_09:45:05 -2.388711480501029E9 -1.063585703694518E9 3.655037213081447E9
2173-06-08_14:18:41 -2.3669441059770594E9 -1.0550545245001727E9 3.671375918631837E9
2173-08-07_18:52:17 -2.3451015561034417E9 -1.0464899656496706E9 3.6875694453993754E9
2173-10-06_23:25:53 -2.32312715307276E9 -1.0379232825182129E9 3.703625048276812E9
2173-12-06_02:59:29 -2.301077673196733E9 -1.0292664267740159E9 3.7195115327136717E9
2174-02-04_07:33:05 -2.278930365118605E9 -1.0206227092689649E9 3.735251065751205E9
2174-04-05_13:06:41 -2.25668813974716E9 -1.0118793736300343E9 3.750854926101244E9
2174-06-04_17:40:17 -2.234336055090934E9 -1.0030876874234422E9 3.7663005409975657E9
2174-08-03_22:13:53 -2.211878251036092E9 -9.943045405480082E8 3.781603671412613E9
2174-10-03_02:47:29 -2.1893517844955645E9 -9.854344094857441E8 3.7967317909044685E9
2174-12-02_06:21:05 -2.1667179698416686E9 -9.765724557819247E8 3.811718915918506E9
2175-01-31_10:54:41 -2.144021153646873E9 -9.676249878361306E8 3.8265446391066384E9
2175-04-01_16:28:17 -2.1212204628149345E9 -9.586313544168704E8 3.841203857871845E9
2175-05-31_21:01:53 -2.0982980839700382E9 -9.496388845588744E8 3.8557304122593226E9
2175-07-31_01:35:29 -2.0753129598054614E9 -9.405618867481581E8 3.8700774981397886E9
2175-09-29_06:09:05 -2.0522545540402913E9 -9.314518366459116E8 3.8842735398751035E9
2175-11-28_09:42:41 -2.0290854965363293E9 -9.223468870523279E8 3.8983095275699286E9
2176-01-27_14:16:17 -2.0058566175023148E9 -9.13159174485619E8 3.9121631424655485E9
2176-03-27_18:49:53 -1.982522934635388E9 -9.039788394806226E8 3.925872839260653E9
2176-03-27_18:49:54 -1.6513310745826628E9 -7.774012781313895E8 4.0956356132606325E9
