#time X Y Z
2014-08-09_04:41:15 -1.1021240723734138E9 -4.162487774399123E8 -9.035997930304364E8
2014-08-19_22:54:13 -1.1071080129837506E9 -4.1858835731558055E8 -8.96947921431388E8
2014-08-30_17:07:10 -1.1120375616620986E9 -4.209181528827257E8 -8.902454103428535E8
2014-09-10_11:20:08 -1.1169036227264497E9 -4.2321177080038935E8 -8.835541263488622E8
2014-09-21_05:33:05 -1.121775912330664E9 -4.25509107148581E8 -8.768012657523322E8
2014-10-01_23:46:03 -1.1265634229901452E9 -4.2778447799334353E8 -8.700421423558158E8
2014-10-12_17:59:01 -1.1313523457995572E9 -4.3004939636002374E8 -8.632328189625067E8
2014-10-23_12:11:58 -1.1360862198088224E9 -4.32306022507839E8 -8.563752027548549E8
2014-11-03_05:24:56 -1.140755453864331E9 -4.345244407054681E8 -8.495334006444106E8
2014-11-13_23:37:53 -1.1454116418996212E9 -4.367385054698895E8 -8.426565200993451E8
2014-11-24_17:50:51 -1.1500217214250603E9 -4.389475757873591E8 -8.357157506713064E8
2014-12-05_12:03:49 -1.1545759962972436E9 -4.411222268007207E8 -8.287785006933562E8
2014-12-16_06:16:46 -1.1591262202484093E9 -4.4329631290542996E8 -8.217904951293656E8
2014-12-27_00:29:44 -1.1635951696620202E9 -4.4545092988514626E8 -8.147964072420636E8
2015-01-06_18:42:41 -1.1680638565346391E9 -4.4759336072381157E8 -8.077513247610495E8
2015-01-17_12:55:39 -1.1724768650905204E9 -4.4972817003858745E8 -8.006599769486457E8
2015-01-28_07:08:37 -1.1768295728010566E9 -4.518254265502448E8 -7.935816369560963E8
2015-02-08_01:21:34 -1.1811759934770653E9 -4.539211050994075E8 -7.864512842819672E8
2015-02-18_19:34:32 -1.1854655725528827E9 -4.560085210410885E8 -7.792758957540058E8
2015-03-01_13:47:29 -1.1896912482531297E9 -4.580564895844933E8 -7.721220583575656E8
2015-03-12_08:00:27 -1.1939134686696537E9 -4.601183271338639E8 -7.649035055470384E8
2015-03-23_02:13:25 -1.198058151585372E9 -4.621351857541393E8 -7.576968146189243E8
2015-04-02_21:26:22 -1.202201676575402E9 -4.641526566569236E8 -7.504234072185938E8
2015-04-13_15:39:20 -1.2062969554286835E9 -4.6616629726771307E8 -7.430897207422583E8
2015-04-24_09:52:17 -1.2103195421113796E9 -4.6813587579997855E8 -7.357987180098248E8
2015-05-05_04:05:15 -1.2143296650772858E9 -4.7011614388157403E8 -7.284538472089362E8
2015-05-15_22:18:13 -1.2182679538626359E9 -4.720529528849514E8 -7.211129350718187E8
2015-05-26_16:31:10 -1.2222016923984327E9 -4.739889880730659E8 -7.137107802527449E8
2015-06-06_10:44:08 -1.2260709062942386E9 -4.759149485664183E8 -7.06281700168422E8
2015-06-17_04:57:05 -1.2298839390142756E9 -4.778029946853149E8 -6.988666360719349E8
2015-06-27_23:10:03 -1.2336874859007928E9 -4.79688188100582E8 -6.913961875285685E8
2015-07-08_17:23:01 -1.2374093363369691E9 -4.815561772490912E8 -6.83934227558544E8
2015-07-19_11:35:58 -1.2411272305765495E9 -4.834079553140239E8 -6.764152679241887E8
2015-07-30_05:48:56 -1.2447860651861036E9 -4.8525258003341186E8 -6.688582830443622E8
2015-08-10_00:01:53 -1.2483843312272975E9 -4.870568655689914E8 -6.613334102459646E8
2015-08-20_18:14:51 -1.2519762104568908E9 -4.8885946630451447E8 -6.537377117521565E8
2015-08-31_12:27:49 -1.255502667916613E9 -4.9065266222919333E8 -6.461188113873384E8
2015-09-11_06:40:46 -1.2589740524503708E9 -4.924072050187797E8 -6.385188351449684E8
2015-09-22_00:53:44 -1.2624311938391585E9 -4.941735112019731E8 -6.308550308332362E8
2015-10-02_19:06:41 -1.265811689992449E9 -4.9589221503918594E8 -6.232211147000699E8
2015-10-13_13:19:39 -1.2691878394624395E9 -4.9761058560071903E8 -6.15513366594239E8
2015-10-24_07:32:37 -1.2724973154275694E9 -4.993190739664489E8 -6.077849110668432E8
2015-11-04_00:45:34 -1.275752161225177E9 -5.009885506424985E8 -6.000784084389952E8
2015-11-14_18:58:32 -1.2789792324855332E9 -5.026470532329759E8 -5.923484603661062E8
2015-11-25_13:11:29 -1.2821606033227112E9 -5.0430584714524436E8 -5.845503016464111E8
2015-12-06_07:24:27 -1.2852810688468337E9 -5.059222228109687E8 -5.767905766258062E8
2015-12-17_01:37:25 -1.2883876695836165E9 -5.07551658270329E8 -5.689581569948115E8
2015-12-27_19:50:22 -1.2914202140981548E9 -5.091333339850174E8 -5.611606192829169E8
2016-01-07_14:03:20 -1.2944431431808124E9 -5.1071238762809736E8 -5.532874985815456E8
2016-01-18_08:16:17 -1.297403172772043E9 -5.122840870121826E8 -5.453904361910117E8
2016-01-29_02:29:15 -1.3003040376073666E9 -5.138136530836884E8 -5.375351588979905E8
2016-02-08_20:42:13 -1.303193106475744E9 -5.1533932653823245E8 -5.296070112439876E8
2016-02-19_14:55:10 -1.3059987660176768E9 -5.1684948081524765E8 -5.2171686579201484E8
2016-03-01_09:08:08 -1.3087982538630614E9 -5.1834009542870814E8 -5.1375041255642366E8
2016-03-12_03:21:05 -1.311532939245237E9 -5.198229278872536E8 -5.057695610812613E8
2016-03-22_21:34:03 -1.3142140935594702E9 -5.2126536738493663E8 -4.9781790198757154E8
2016-04-02_16:47:01 -1.3168760463247712E9 -5.227006174061723E8 -4.8980751825856835E8
2016-04-13_10:59:58 -1.3194885330851243E9 -5.2413615193153006E8 -4.8173421471635985E8
2016-04-24_05:12:56 -1.322033401089639E9 -5.255243160003657E8 -4.737389588443458E8
2016-05-04_23:25:53 -1.324555643155269E9 -5.269234242095289E8 -4.656694331129918E8
2016-05-15_17:38:51 -1.327012873255862E9 -5.2827676028203046E8 -4.5763579268195707E8
2016-05-26_11:51:49 -1.329448238439941E9 -5.296217469758779E8 -4.4954303297124696E8
2016-06-06_06:04:46 -1.3318234714321187E9 -5.309629758026238E8 -4.414220662264418E8
2016-06-17_00:17:44 -1.3341422987166488E9 -5.322609164817619E8 -4.333512839466929E8
2016-06-27_18:30:41 -1.3364373454212193E9 -5.3356974599391884E8 -4.252036552657782E8
2016-07-08_12:43:39 -1.3386659455255704E9 -5.348317157016814E8 -4.171042608128325E8
2016-07-19_06:56:37 -1.3408756512220876E9 -5.360872264752556E8 -4.089270009893711E8
2016-07-30_01:09:34 -1.3430214387036011E9 -5.373365209538704E8 -4.007406617127469E8
2016-08-09_19:22:32 -1.3451160353803322E9 -5.385447102396688E8 -3.925901863077455E8
2016-08-20_13:35:29 -1.3471860364528813E9 -5.397434481364372E8 -3.843803951207756E8
2016-08-31_07:48:27 -1.349195965510577E9 -5.409392524751325E8 -3.761460011962511E8
2016-09-11_02:01:25 -1.3511539773765736E9 -5.420926310248826E8 -3.6795643168016773E8
2016-09-21_20:14:22 -1.353079516286338E9 -5.432540025594149E8 -3.59706182342227E8
2016-10-02_14:27:20 -1.354945766643776E9 -5.443704800358324E8 -3.514920020984455E8
2016-10-13_08:40:17 -1.3567852931471488E9 -5.454764847897387E8 -3.432184618503411E8
2016-10-24_02:53:15 -1.3585644392128928E9 -5.465800318274254E8 -3.3492135401927936E8
2016-11-03_20:06:13 -1.3602907148794942E9 -5.476400179970152E8 -3.266815791346294E8
2016-11-14_14:19:10 -1.3619877145618677E9 -5.486885172035303E8 -3.183992411172435E8
2016-11-25_08:32:08 -1.3636262832033699E9 -5.497356357482463E8 -3.1007810801844484E8
2016-12-06_02:45:05 -1.3652167622772071E9 -5.507408306786375E8 -3.017963172368375E8
2016-12-16_20:58:03 -1.3667719196324654E9 -5.517536721998024E8 -2.934541693886611E8
2016-12-27_15:11:01 -1.3682700516052532E9 -5.527215244894965E8 -2.8515419159310675E8
2017-01-07_09:23:58 -1.3697400769860628E9 -5.536783362643428E8 -2.7678435667917126E8
2017-01-18_03:36:56 -1.3711474404615438E9 -5.546326266904944E8 -2.6841098526866814E8
2017-01-28_21:49:53 -1.3725075273768337E9 -5.555446115858085E8 -2.6008108140702823E8
2017-02-08_16:02:51 -1.3738366825148056E9 -5.564440294040426E8 -2.5169054033908778E8
2017-02-19_10:15:49 -1.375095811772749E9 -5.573371350201583E8 -2.4334514821177286E8
2017-03-02_04:28:46 -1.3763310895401094E9 -5.581997294859402E8 -2.349376433557654E8
2017-03-12_22:41:44 -1.3775061025857587E9 -5.590590822731255E8 -2.2651436903566876E8
2017-03-23_16:54:41 -1.3786337757351727E9 -5.598768353965229E8 -2.18151357997802E8
2017-04-03_12:07:39 -1.3797296972699952E9 -5.606816331648421E8 -2.0971363793872848E8
2017-04-14_06:20:37 -1.3807604120416074E9 -5.61482494828085E8 -2.0129988576198527E8
2017-04-25_00:33:34 -1.3817617739928486E9 -5.622499372504481E8 -1.9284553107404473E8
2017-05-05_18:46:32 -1.3827031676744263E9 -5.630146860727835E8 -1.843841943804148E8
2017-05-16_12:59:29 -1.3835978102521534E9 -5.637372642493844E8 -1.7598884312258238E8
2017-05-27_07:12:27 -1.384458879543078E9 -5.644465575016586E8 -1.6751658756968066E8
2017-06-07_01:25:25 -1.3852578506472895E9 -5.651544384126781E8 -1.5904501394222125E8
2017-06-17_19:38:22 -1.3860137534014146E9 -5.658203819057115E8 -1.5062254844265154E8
2017-06-28_13:51:20 -1.3867244041714108E9 -5.664912630116565E8 -1.421406534546664E8
2017-07-09_08:04:17 -1.3873866644480937E9 -5.671189672483981E8 -1.3370830699185462E8
2017-07-20_02:17:15 -1.388010732694114E9 -5.677321308135566E8 -1.2522081485858847E8
2017-07-30_20:30:13 -1.3885764893361328E9 -5.683438774376744E8 -1.1671634296199317E8
2017-08-10_14:43:10 -1.389098661409238E9 -5.689143143179588E8 -1.0827091706094897E8
2017-08-21_08:56:08 -1.3895821307570307E9 -5.694687331428907E8 -9.976704022781406E7
2017-09-01_03:09:05 -1.3900024316486568E9 -5.700210050249964E8 -9.131679846822765E7
2017-09-11_21:22:03 -1.3903906441560204E9 -5.705375967962219E8 -8.280606335146888E7
2017-09-22_15:35:01 -1.3907208202772307E9 -5.710530976781842E8 -7.428577544888277E7
2017-10-03_09:47:58 -1.3910092649183106E9 -5.715273178812928E8 -6.583188230494928E7
2017-10-14_04:00:56 -1.3912568567690485E9 -5.719849552777221E8 -5.730704066610254E7
2017-10-24_22:13:53 -1.391444618755943E9 -5.724433078659399E8 -4.878634943375696E7
2017-11-04_15:26:51 -1.3915931326584435E9 -5.728599246172005E8 -4.0323473085680045E7
2017-11-15_09:39:49 -1.3916977981923115E9 -5.732584615958971E8 -3.183602978624427E7
2017-11-26_03:52:46 -1.3917441936222548E9 -5.73657381529898E8 -2.3366466544131063E7
2017-12-06_22:05:44 -1.39175555513623E9 -5.74018868683818E8 -1.483210459704123E7
2017-12-17_16:18:41 -1.3917085556607687E9 -5.743794463323545E8 -6305508.630578506
2017-12-28_10:31:39 -1.3916231799808826E9 -5.746995138956475E8 2165729.33279013
2018-01-08_04:44:37 -1.3914925377599604E9 -5.750008409549938E8 1.0690861049271625E7
2018-01-18_22:57:34 -1.3913040191419096E9 -5.753044201295271E8 1.9225777954136554E7
2018-01-29_17:10:32 -1.3910786306261737E9 -5.755665444921889E8 2.7686063934144344E7
2018-02-09_11:23:29 -1.3907977308613024E9 -5.758306238593583E8 3.6221143041956544E7
2018-02-20_05:36:27 -1.390479105782267E9 -5.760544480992842E8 4.467918967262194E7
2018-03-02_23:49:25 -1.3901115252499058E9 -5.762589572590477E8 5.321038309437891E7
2018-03-13_18:02:22 -1.389688051701949E9 -5.76464065296735E8 6.17316167148796E7
2018-03-24_12:15:20 -1.3892290400499735E9 -5.76629347588268E8 7.019491061534426E7
2018-04-04_07:28:17 -1.388720487487774E9 -5.7677395473375E8 7.871786669360457E7
2018-04-15_01:41:15 -1.3881574660754235E9 -5.769212816158011E8 8.720261095391168E7
2018-04-25_19:54:13 -1.3875543676054132E9 -5.770281758710066E8 9.572234608099677E7
2018-05-06_14:07:10 -1.3868957763749754E9 -5.77135823760152E8 1.0423054925379422E8
2018-05-17_08:20:08 -1.386202932059753E9 -5.772037490841161E8 1.126795387993725E8
2018-05-28_02:33:05 -1.3854590047023857E9 -5.772501254823197E8 1.2118055039953525E8
2018-06-07_20:46:03 -1.3846589053489468E9 -5.773003058849634E8 1.2968367343966655E8
2018-06-18_14:59:01 -1.3838262403454492E9 -5.773099575854005E8 1.381104175942619E8
2018-06-29_09:11:58 -1.3829326522471538E9 -5.773200954370289E8 1.4660759559518364E8
2018-07-10_03:24:56 -1.3820081435427115E9 -5.772913851156554E8 1.5502711700491565E8
2018-07-20_21:37:53 -1.38102844316069E9 -5.772394113015158E8 1.6351161163052928E8
2018-07-31_15:50:51 -1.3799936184275558E9 -5.771918092430208E8 1.719923500117307E8
2018-08-11_10:03:49 -1.3789298012146623E9 -5.771048405665326E8 1.8039557874766964E8
2018-08-22_04:16:46 -1.3778001203706865E9 -5.770161422915369E8 1.8886200976170608E8
2018-09-01_22:29:44 -1.37664396358223E9 -5.768907039033798E8 1.9725107569207525E8
2018-09-12_16:42:41 -1.37542913166934E9 -5.767417495739772E8 2.0570659040646946E8
2018-09-23_10:55:39 -1.3741626833793437E9 -5.765958326221658E8 2.1414732323762384E8
2018-10-04_05:08:37 -1.3728659171370099E9 -5.764110540814446E8 2.2252594362606764E8
2018-10-14_23:21:34 -1.371512595330201E9 -5.762024754564996E8 2.3095163025813195E8
2018-10-25_17:34:32 -1.3701055773481407E9 -5.759988534606249E8 2.3937407141025582E8
2018-11-05_10:47:29 -1.3686718029916928E9 -5.757565079599584E8 2.4772257556942832E8
2018-11-16_05:00:27 -1.367173458495202E9 -5.755135569425011E8 2.5609578294947645E8
2018-11-26_23:13:25 -1.3656468600011783E9 -5.752322507142813E8 2.6443262499683484E8
2018-12-07_17:26:22 -1.3640603798090415E9 -5.749269379187398E8 2.728162120968932E8
2018-12-18_11:39:20 -1.3624208953171282E9 -5.746242668425983E8 2.8119981684594303E8
2018-12-29_05:52:17 -1.36075753324259E9 -5.7428516799616E8 2.8950100922911876E8
2019-01-09_00:05:15 -1.3590315287715907E9 -5.739197262907437E8 2.978638876643198E8
2019-01-19_18:18:13 -1.3572547350672865E9 -5.735606539817172E8 3.062078644409124E8
2019-01-30_12:31:10 -1.3554521863159182E9 -5.731626946706418E8 3.1448944452284014E8
2019-02-10_06:44:08 -1.3535791384862416E9 -5.727616385413768E8 3.228130337537001E8
2019-02-21_00:57:05 -1.3516849390519655E9 -5.723249063897066E8 3.310731880376203E8
2019-03-03_19:10:03 -1.3497301476935627E9 -5.718624492147342E8 3.393706082812938E8
2019-03-14_13:23:01 -1.3477218025487313E9 -5.714054945027901E8 3.476706406975125E8
2019-03-25_07:35:58 -1.3456911423490427E9 -5.709109436215996E8 3.558967901333772E8
2019-04-05_02:48:56 -1.3435875369588368E9 -5.704120870902498E8 3.641623707673507E8
2019-04-15_21:01:53 -1.3414579237420537E9 -5.698756007024504E8 3.723997812844353E8
2019-04-26_15:14:51 -1.3392729083067625E9 -5.693153391237869E8 3.806385166829029E8
2019-05-07_09:27:49 -1.337035703990048E9 -5.687612844144592E8 3.888755005013937E8
2019-05-18_03:40:46 -1.3347806579943705E9 -5.681713779967899E8 3.9702915011745167E8
2019-05-28_21:53:44 -1.3324563728101676E9 -5.675520648273312E8 4.052377453464186E8
2019-06-08_16:06:41 -1.3301013529704592E9 -5.669465566468184E8 4.133649795075272E8
2019-06-19_10:19:39 -1.3276854965001569E9 -5.662895343875439E8 4.2154532287383324E8
2019-06-30_04:32:37 -1.3252242720803027E9 -5.656386534308641E8 4.297055543949344E8
2019-07-10_22:45:34 -1.322741222750478E9 -5.649515288221012E8 4.3779955443720555E8
2019-07-21_16:58:32 -1.3201913925301208E9 -5.642357938794216E8 4.4593192731172746E8
2019-08-01_11:11:29 -1.3175940856694815E9 -5.635284478723711E8 4.540481744453806E8
2019-08-12_05:24:27 -1.3149772521814153E9 -5.627841599699259E8 4.620972855858957E8
2019-08-22_23:37:25 -1.312283035929451E9 -5.620334722966427E8 4.70178621419734E8
2019-09-02_17:50:22 -1.3095770408549395E9 -5.612511309480134E8 4.781962479820879E8
2019-09-13_12:03:20 -1.3068034212835748E9 -5.6044099968901E8 4.8624362683971053E8
2019-09-24_06:16:17 -1.303981205478038E9 -5.596356484385216E8 4.942842581875438E8
2019-10-05_00:29:15 -1.3011447288822553E9 -5.587974334569782E8 5.0224516086674345E8
2019-10-15_18:42:13 -1.2982343751916049E9 -5.57927123605857E8 5.102506545576406E8
2019-10-26_12:55:10 -1.2953000673170462E9 -5.570738705037173E8 5.1817631633540446E8
2019-11-06_06:08:08 -1.2923003238896756E9 -5.561666437891575E8 5.2614641456046826E8
2019-11-17_00:21:05 -1.2892670373879356E9 -5.552707076895081E8 5.3406754914790744E8
2019-11-27_18:34:03 -1.2862116034957361E9 -5.543380706579951E8 5.419397259891948E8
2019-12-08_12:47:01 -1.2830803627017064E9 -5.53372968688584E8 5.498532923176436E8
2019-12-19_06:59:58 -1.2799059656088004E9 -5.524176059434469E8 5.577455734435595E8
2019-12-30_01:12:56 -1.2767160887214942E9 -5.514270103499724E8 5.655707738188609E8
2020-01-09_19:25:53 -1.2734548518419175E9 -5.504055594977919E8 5.734202598818052E8
2020-01-20_13:38:51 -1.2701686375514522E9 -5.494002970319035E8 5.812056519149208E8
2020-01-31_07:51:49 -1.2668208974067917E9 -5.483429786012685E8 5.890132814224875E8
2020-02-11_02:04:46 -1.2634261023709867E9 -5.472910801129849E8 5.968146639685388E8
2020-02-21_20:17:44 -1.2600219944691334E9 -5.462078835920016E8 6.045337584908206E8
2020-03-03_14:30:41 -1.256541231301153E9 -5.450913866474699E8 6.122880999738185E8
2020-03-14_08:43:39 -1.2530161582741928E9 -5.439842333202012E8 6.200269322344524E8
2020-03-25_02:56:37 -1.2494837773689644E9 -5.428453977896827E8 6.276842718673705E8
2020-04-04_22:09:34 -1.2458635658144855E9 -5.41695532286861E8 6.353729019515328E8
2020-04-15_16:22:32 -1.2422314682997913E9 -5.405133960721673E8 6.430209046915543E8
2020-04-26_10:35:29 -1.2385351278481064E9 -5.39303498213037E8 6.506663151310683E8
2020-05-07_04:48:27 -1.2347990611965468E9 -5.38104555074022E8 6.582883747439398E8
2020-05-17_23:01:25 -1.2310511029953117E9 -5.368719471864159E8 6.658434368734226E8
2020-05-28_17:14:22 -1.2272194310793009E9 -5.3562992374260736E8 6.734137920466043E8
2020-06-08_11:27:20 -1.223387618671371E9 -5.3436077785797405E8 6.80922340780423E8
2020-06-19_05:40:17 -1.219478901647329E9 -5.3305944253384864E8 6.884512586681188E8
2020-06-29_23:53:15 -1.2155322308333843E9 -5.3176715621748114E8 6.959572743348408E8
2020-07-10_18:06:13 -1.2115738789578571E9 -5.3044270790739E8 7.033959927225226E8
2020-07-21_12:19:10 -1.207542275369535E9 -5.2908627175212556E8 7.108471579514103E8
2020-08-01_06:32:08 -1.2034671357740927E9 -5.277377796763719E8 7.182864912512211E8
2020-08-12_00:45:05 -1.199376491982286E9 -5.2635660958362466E8 7.256386483519909E8
2020-08-22_18:58:03 -1.1952188279346251E9 -5.249718535850988E8 7.330277670292143E8
2020-09-02_13:11:01 -1.1910570383314104E9 -5.2355847897379154E8 7.403370954676558E8
2020-09-13_07:23:58 -1.18681467080402E9 -5.2210960061898476E8 7.476682789066437E8
2020-09-24_01:36:56 -1.1825359618114486E9 -5.206728244503094E8 7.549745780195156E8
2020-10-04_19:49:53 -1.178248656707056E9 -5.192040686249526E8 7.622143534334892E8
2020-10-15_14:02:51 -1.1738723771188116E9 -5.17723033418038E8 7.694668334638276E8
2020-10-26_07:15:49 -1.1695091937143254E9 -5.162208235159431E8 7.766445315083783E8
2020-11-06_01:28:46 -1.1650788822853062E9 -5.1469041779330206E8 7.838124887740446E8
2020-11-16_19:41:44 -1.1605979956720133E9 -5.13163022838466E8 7.909853962465073E8
2020-11-27_13:54:41 -1.1561083513862987E9 -5.116050361877113E8 7.980917014631811E8
2020-12-08_08:07:39 -1.15154465332057E9 -5.100145016249829E8 8.052004674135827E8
2020-12-19_02:20:37 -1.146939013729829E9 -5.084330480876775E8 8.122968631113702E8
2020-12-29_20:33:34 -1.1423353872493014E9 -5.068245856202312E8 8.193128538962628E8
2021-01-09_14:46:32 -1.137637239793312E9 -5.0520126009043914E8 8.263430178745408E8
2021-01-20_08:59:29 -1.1329538298421288E9 -5.0355747481207E8 8.33303281352822E8
2021-01-31_03:12:27 -1.128186610886014E9 -5.0187777237707555E8 8.402759068098398E8
2021-02-10_21:25:25 -1.1233836751321983E9 -5.0020755261370456E8 8.472285678891374E8
2021-02-21_15:38:22 -1.1185822653763661E9 -4.985113599245518E8 8.541018367745092E8
2021-03-04_09:51:20 -1.1136991867496576E9 -4.9677913178257453E8 8.609832789644309E8
2021-03-15_04:04:17 -1.1087834126625934E9 -4.950596522018311E8 8.678392648084066E8
2021-03-25_22:17:15 -1.103848913258698E9 -4.933041712142266E8 8.746200222802635E8
2021-04-05_17:30:13 -1.0988564363139958E9 -4.9154920514363337E8 8.814156671473624E8
2021-04-16_11:43:10 -1.0938381879573526E9 -4.897565841004139E8 8.881749018053588E8
2021-04-27_05:56:08 -1.0887655039558115E9 -4.879397103570226E8 8.948977323339691E8
2021-05-08_00:09:05 -1.0836550238107042E9 -4.861325883419531E8 9.016048460420054E8
2021-05-18_18:22:03 -1.0785471173997943E9 -4.8429953655833346E8 9.082364557015733E8
2021-05-29_12:35:01 -1.0733457850714239E9 -4.824511160777323E8 9.148700172784408E8
2021-06-09_06:47:58 -1.068158740567305E9 -4.8058262115287274E8 9.214443826207982E8
2021-06-20_01:00:56 -1.062897466638965E9 -4.7868109574185854E8 9.280072961289043E8
2021-06-30_19:13:53 -1.0575977544272051E9 -4.7678895420304596E8 9.345559200008826E8
2021-07-11_13:26:51 -1.0523051118513293E9 -4.748729246146296E8 9.410257044794573E8
2021-07-22_07:39:49 -1.0469272092615757E9 -4.729190160993487E8 9.474954810017031E8
2021-08-02_01:52:46 -1.0415502658660506E9 -4.709907173247226E8 9.539010271515379E8
2021-08-12_20:05:44 -1.0360991433159282E9 -4.6900443347437406E8 9.603041763531891E8
2021-08-23_14:18:41 -1.0306212147541028E9 -4.6703073284670055E8 9.666796428069944E8
2021-09-03_08:31:39 -1.025139563020586E9 -4.650294609245534E8 9.72990903418896E8
2021-09-14_02:44:37 -1.0195849067950379E9 -4.6299561606139255E8 9.792853192911749E8
2021-09-24_20:57:34 -1.0139948375728308E9 -4.6097164752899575E8 9.855630624426962E8
2021-10-05_15:10:32 -1.0084060236805425E9 -4.589218627683569E8 9.91772161046765E8
2021-10-16_09:23:29 -1.0027344892905533E9 -4.568599878939422E8 9.97960847063057E8
2021-10-27_03:36:27 -9.970749542561792E8 -4.547780180978802E8 1.0041007235892183E9
2021-11-06_20:49:25 -9.913428348779575E8 -4.526634753741252E8 1.0102191149038876E9
2021-11-17_15:02:22 -9.855995071817358E8 -4.505689543119673E8 1.0162937178401722E9
2021-11-28_09:15:20 -9.798393724294238E8 -4.4844103132842314E8 1.0223212150458958E9
2021-12-09_03:28:17 -9.739978669539392E8 -4.462768600789732E8 1.0283371922255296E9
2021-12-19_21:41:15 -9.681318145191635E8 -4.4412653803992385E8 1.0343253143130153E9
2021-12-30_15:54:13 -9.622643443855098E8 -4.4194964000222766E8 1.0402509411019577E9
2022-01-10_10:07:10 -9.563158166665543E8 -4.397606945912481E8 1.046149695125605E9
2022-01-21_04:20:08 -9.503803482532823E8 -4.375526203540663E8 1.0520022078614253E9
2022-01-31_22:33:05 -9.443696933678142E8 -4.353108039998434E8 1.0578320689831859E9
2022-02-11_16:46:03 -9.383345600365549E8 -4.330825180453823E8 1.0636343441630433E9
2022-02-22_10:59:01 -9.322986971198113E8 -4.3082818053680265E8 1.0693748278086442E9
2022-03-05_05:11:58 -9.261922471912382E8 -4.285420194991823E8 1.0750851248278534E9
2022-03-15_23:24:56 -9.20081073171459E8 -4.262772334831367E8 1.0807503169167578E9
2022-03-26_17:37:53 -9.139093469381857E8 -4.239612735155586E8 1.0863838669100194E9
2022-04-06_12:50:51 -9.07706727577495E8 -4.216547198460127E8 1.09199918719962E9
2022-04-17_07:03:49 -9.014878629271486E8 -4.193167398659409E8 1.0975676916428316E9
2022-04-28_01:16:46 -8.952135017439553E8 -4.1695299468951946E8 1.1030885235584083E9
2022-05-08_19:29:44 -8.889459865204812E8 -4.146152689214832E8 1.1085554869538674E9
2022-05-19_13:42:41 -8.826086506349381E8 -4.1222244275118655E8 1.113997504790148E9
2022-05-30_07:55:39 -8.762450825024127E8 -4.0984080169794977E8 1.1194167271448834E9
2022-06-10_02:08:37 -8.698935193764733E8 -4.0744002896138424E8 1.1247632532151923E9
2022-06-20_20:21:34 -8.634615041358247E8 -4.050031308668861E8 1.1300848867867506E9
2022-07-01_14:34:32 -8.570105286389211E8 -4.025803720422431E8 1.1353781237164373E9
2022-07-12_08:47:29 -8.505594542728308E8 -4.0013338684738123E8 1.1406108800239427E9
2022-07-23_03:00:27 -8.44033604073257E8 -3.976750437588976E8 1.145803316095323E9
2022-08-02_21:13:25 -8.37521243844498E8 -3.951991914842356E8 1.150955491942842E9
2022-08-13_15:26:22 -8.309455446693656E8 -3.9269430871673733E8 1.1560645541938608E9
2022-08-24_09:39:20 -8.243381397746611E8 -3.9019760306329453E8 1.1611565350105512E9
2022-09-04_03:52:17 -8.177420834847559E8 -3.876823570407996E8 1.1661788984819062E9
2022-09-14_22:05:15 -8.110707843824255E8 -3.851325912053517E8 1.1711682990811613E9
2022-09-25_16:18:13 -8.044019249984018E8 -3.8260562565738535E8 1.1761129890083337E9
2022-10-06_10:31:10 -7.976785459519992E8 -3.800309521068209E8 1.1810126674191387E9
2022-10-17_04:44:08 -7.909274942124507E8 -3.7746565002913445E8 1.1858927701227362E9
2022-10-27_22:57:05 -7.84186251743537E8 -3.7488138824861795E8 1.1907052786582515E9
2022-11-07_16:10:03 -7.773711580098854E8 -3.722635086236683E8 1.1954806902208598E9
2022-11-18_10:23:01 -7.705668590072714E8 -3.696712486614659E8 1.2002070531731606E9
2022-11-29_04:35:58 -7.637357981161407E8 -3.6704440221168613E8 1.2048952075106943E9
2022-12-09_22:48:56 -7.568447378356235E8 -3.6438971538420624E8 1.2095350698161175E9
2022-12-20_17:01:53 -7.499517312240615E8 -3.617549571553706E8 1.2141362933976338E9
2022-12-31_11:14:51 -7.430061578551757E8 -3.590736950010094E8 1.2186873314918869E9
2023-01-11_05:27:49 -7.360329233150429E8 -3.564015222015452E8 1.223220019457821E9
2023-01-21_23:40:46 -7.29065991665814E8 -3.537094170990674E8 1.2276897335671606E9
2023-02-01_17:53:44 -7.220404472683448E8 -3.509898995155337E8 1.2321081952481778E9
2023-02-12_12:06:41 -7.14988432309825E8 -3.482789924569881E8 1.236506519662487E9
2023-02-23_06:19:39 -7.079508329790508E8 -3.4555227147118926E8 1.2408382054341557E9
2023-03-06_00:32:37 -7.008335462879816E8 -3.4280952337222236E8 1.245123648636642E9
2023-03-16_18:45:34 -6.937417921154643E8 -3.40056676684584E8 1.2493666451210392E9
2023-03-27_13:58:32 -6.865833308220266E8 -3.3727247321435714E8 1.253561601483917E9
2023-04-07_08:11:29 -6.793825671633532E8 -3.34489864513668E8 1.2577472703427618E9
2023-04-18_02:24:27 -6.722104167555109E8 -3.316979098078333E8 1.2618569997112513E9
2023-04-28_20:37:25 -6.649699791605186E8 -3.288942209547244E8 1.2659123986634574E9
2023-05-09_14:50:22 -6.577555461498573E8 -3.26080990940566E8 1.269926260010625E9
2023-05-20_09:03:20 -6.504747049173087E8 -3.232366552902354E8 1.2738886025836911E9
2023-05-31_03:16:17 -6.431815955846852E8 -3.2040624862789E8 1.2778238301516473E9
2023-06-10_21:29:15 -6.358885692306914E8 -3.175545422670809E8 1.281701999705246E9
2023-06-21_15:42:13 -6.28544504148187E8 -3.1467860699285126E8 1.2855201513819687E9
2023-07-02_09:55:10 -6.211746218016739E8 -3.1180967509355766E8 1.2893181309022138E9
2023-07-13_04:08:08 -6.138204042141781E8 -3.0892715318753666E8 1.2930517515841868E9
2023-07-23_22:21:05 -6.063941111226739E8 -3.0603012800724864E8 1.296729577303149E9
2023-08-03_16:34:03 -5.989931185260005E8 -3.0312421530392617E8 1.3003687142995837E9
2023-08-14_10:47:01 -5.915299199539626E8 -3.001889937588862E8 1.3039522238970501E9
2023-08-25_04:59:58 -5.84050588574094E8 -2.972643246785188E8 1.3075109261231964E9
2023-09-04_23:12:56 -5.765841082234775E8 -2.943253550009673E8 1.3110065714516382E9
2023-09-15_17:25:53 -5.690594869125392E8 -2.913587768429933E8 1.3144426231228156E9
2023-09-26_11:38:51 -5.615422820471824E8 -2.884132285501033E8 1.317841643709929E9
2023-10-07_05:51:49 -5.539752927529715E8 -2.854243696082445E8 1.321181333791804E9
2023-10-18_00:04:46 -5.463982023590049E8 -2.8244919202443284E8 1.324493014869994E9
2023-10-28_18:17:44 -5.388209281761303E8 -2.794541422025322E8 1.3277491990634017E9
2023-11-08_11:30:41 -5.311993568035646E8 -2.7643732602349746E8 1.3309383075944154E9
2023-11-19_05:43:39 -5.2358801206511456E8 -2.7344134796976227E8 1.3340905018317993E9
2023-11-29_23:56:37 -5.1595766514971644E8 -2.7041853750351936E8 1.337196080244339E9
2023-12-10_18:09:34 -5.082665125372826E8 -2.6738402580737025E8 1.3402376849466507E9
2023-12-21_12:22:32 -5.005902925866021E8 -2.6433778023144758E8 1.3432483436451313E9
2024-01-01_06:35:29 -4.928759274017503E8 -2.6127156434419143E8 1.3461874661075628E9
2024-01-12_00:48:27 -4.8513977313387936E8 -2.5821307154595828E8 1.3491052788692844E9
2024-01-22_19:01:25 -4.774177003523025E8 -2.5514179881872797E8 1.3519612216999822E9
2024-02-02_13:14:22 -4.696411355599912E8 -2.5204433638775057E8 1.354751339120052E9
2024-02-13_07:27:20 -4.618593281525197E8 -2.4895967953210017E8 1.3575145224314594E9
2024-02-24_01:40:17 -4.5407636762300366E8 -2.4585676377192733E8 1.3602230583942494E9
2024-03-05_19:53:15 -4.4625113002724075E8 -2.4274910173794112E8 1.3628568063038898E9
2024-03-16_14:06:13 -4.3843431408913517E8 -2.396279378074572E8 1.3654636730615351E9
2024-03-27_08:19:10 -4.305828473157367E8 -2.3648903344843268E8 1.3679963067920961E9
2024-04-07_03:32:08 -4.227111912614151E8 -2.333555487457558E8 1.3705056762764041E9
2024-04-17_21:45:05 -4.148148851569643E8 -2.3019473317409116E8 1.372970417241465E9
2024-04-28_15:58:03 -4.0691089726056945E8 -2.2704317321889278E8 1.375346719774591E9
2024-05-09_10:11:01 -3.990137217194458E8 -2.2387798772210523E8 1.377696458905467E9
2024-05-20_04:23:58 -3.9108512149952507E8 -2.2069548656241393E8 1.3799701028155642E9
2024-05-30_22:36:56 -3.831384278807107E8 -2.1752060259662193E8 1.3822211832022004E9
2024-06-10_16:49:53 -3.752052213116305E8 -2.143343096981935E8 1.3844126314323514E9
2024-06-21_11:02:51 -3.672276706168921E8 -2.1112588111477923E8 1.3865297231719766E9
2024-07-02_05:15:49 -3.592576765274693E8 -2.0793485828646067E8 1.3886174160844266E9
2024-07-12_23:28:46 -3.512544663961162E8 -2.047103235292196E8 1.3906306852815E9
2024-07-23_17:41:44 -3.4324641829917234E8 -2.014986388000306E8 1.3926164974129384E9
2024-08-03_11:54:41 -3.3523626045501155E8 -1.98269352928223E8 1.3945482553518057E9
2024-08-14_06:07:39 -3.271942436348128E8 -1.9502333569283786E8 1.3964030699220667E9
2024-08-25_00:20:37 -3.191485820406389E8 -1.9178809409928572E8 1.3982292561678436E9
2024-09-04_18:33:34 -3.1110113937803423E8 -1.885368845128661E8 1.4000024676555583E9
2024-09-15_12:46:32 -3.0302587329787725E8 -1.8528423281404653E8 1.401694220945287E9
2024-09-26_06:59:29 -2.9495440668253577E8 -1.8201853306208423E8 1.4033611629705718E9
2024-10-07_01:12:27 -2.868610658885001E8 -1.787391448366819E8 1.404946503691867E9
2024-10-17_19:25:25 -2.787536303648378E8 -1.7546739151326713E8 1.4065082600264904E9
2024-10-28_12:38:22 -2.70655911798409E8 -1.7218446047315452E8 1.408011840328416E9
2024-11-08_06:51:20 -2.6255558018251544E8 -1.6889705854210052E8 1.409429962576984E9
2024-11-19_01:04:17 -2.5442415634540707E8 -1.6560729678902844E8 1.4108288241633894E9
2024-11-29_19:17:15 -2.4628909173892322E8 -1.6230191287803897E8 1.4121736244188263E9
2024-12-10_13:30:13 -2.3812634854329407E8 -1.5899407689136264E8 1.4134363325755825E9
2024-12-21_07:43:10 -2.2998055194875202E8 -1.5567979003344667E8 1.4146710887350554E9
2025-01-01_01:56:08 -2.2180352681620303E8 -1.523477811955551E8 1.4158250588630395E9
2025-01-11_20:09:05 -2.136272035021057E8 -1.490284865099012E8 1.4169526691011271E9
2025-01-22_14:22:03 -2.0544729559436575E8 -1.4569326937938395E8 1.418025649233839E9
2025-02-02_08:35:01 -1.9725557624856022E8 -1.4234950247602028E8 1.4190146091060326E9
2025-02-13_02:47:58 -1.890536122915679E8 -1.3901236789691654E8 1.419978724803637E9
2025-02-23_21:00:56 -1.8084913829042548E8 -1.356575613028615E8 1.4208576558319075E9
2025-03-06_15:13:53 -1.7262900208533078E8 -1.3230798863670754E8 1.421711876956053E9
2025-03-17_09:26:51 -1.6441885409748855E8 -1.2894896247615467E8 1.4225102468990023E9
2025-03-28_03:39:49 -1.5618521442115775E8 -1.255763194315009E8 1.423225731436483E9
2025-04-07_22:52:46 -1.479473643117268E8 -1.2221085819721378E8 1.4239154478409514E9
2025-04-18_17:05:44 -1.3968399923759326E8 -1.1882094345252205E8 1.4245229455733266E9
2025-04-29_11:18:41 -1.3143593817177166E8 -1.1544747861454889E8 1.4251013409215615E9
2025-05-10_05:31:39 -1.231962801961872E8 -1.1206465414301865E8 1.4256240859124346E9
2025-05-20_23:44:37 -1.1493732470338191E8 -1.0867015585025126E8 1.4260615984425614E9
2025-05-31_17:57:34 -1.0668207623812036E8 -1.052852135584719E8 1.4264732247680237E9
2025-06-11_12:10:32 -9.842178437956974E7 -1.018867978762846E8 1.426829596600944E9
2025-06-22_06:23:29 -9.015672152034491E7 -9.849282750757267E7 1.4270997154388244E9
2025-07-03_00:36:27 -8.18868162937515E7 -9.508570628164914E7 1.4273453310566573E9
2025-07-13_18:49:25 -7.362074945483296E7 -9.167536051909901E7 1.427503779249292E9
2025-07-24_13:02:22 -6.53418408706676E7 -8.826945154165745E7 1.4276363737112484E9
2025-08-04_07:15:20 -5.706476687449211E7 -8.485247675638527E7 1.4277141918778358E9
2025-08-15_01:28:17 -4.879066360190393E7 -8.143313107188733E7 1.4277049124577253E9
2025-08-25_19:41:15 -4.050470581619403E7 -7.801553903367239E7 1.427670449528087E9
2025-09-05_13:54:13 -3.2228433734366238E7 -7.459196521856059E7 1.4275799884244425E9
2025-09-16_08:07:10 -2.3941278097383283E7 -7.116882753875068E7 1.4274031930086255E9
2025-09-27_02:20:08 -1.5662372447045686E7 -6.773948454785722E7 1.427198842878373E9
2025-10-07_20:33:05 -7375309.145879042 -6.4302989790459245E7 1.426909527394956E9
2025-10-18_14:46:03 905522.2683253735 -6.087508714929467E7 1.426593839542552E9
2025-10-29_07:59:01 9192490.11268907 -5.743518971103683E7 1.4262216858279376E9
2025-11-09_02:11:58 1.7437872331932843E7 -5.400968160534459E7 1.4257632465040321E9
2025-11-19_20:24:56 2.5725301693110388E7 -5.057283119621118E7 1.4252786361904962E9
2025-11-30_14:37:53 3.400944813345986E7 -4.712441757168572E7 1.4247066114989488E9
2025-12-11_08:50:51 4.228600524676688E7 -4.368694354638827E7 1.4241087501406457E9
2025-12-22_03:03:49 5.05687990155799E7 -4.0237021083382025E7 1.4234549231453335E9
2026-01-01_21:16:46 5.8838997898573205E7 -3.6788751557253264E7 1.4227144993451407E9
2026-01-12_15:29:44 6.711532678844008E7 -3.3342459712554034E7 1.4219468351301293E9
2026-01-23_09:42:41 7.538368393325683E7 -2.989161521905157E7 1.4211238920810084E9
2026-02-03_03:55:39 8.36527599060829E7 -2.64432766187539E7 1.4202124214413595E9
2026-02-13_22:08:37 9.191768900238855E7 -2.2988916894543782E7 1.4192750845329387E9
2026-02-24_16:21:34 1.0017562833025211E8 -1.9532403848621115E7 1.4182514617829735E9
2026-03-07_10:34:32 1.0843464973777477E8 -1.608211063240509E7 1.4172009690266302E9
2026-03-18_04:47:29 1.1668606708622327E8 -1.2626250369736092E7 1.4160942186753821E9
2026-03-28_23:00:27 1.2493016311832798E8 -9169782.455412969 1.4149001479922245E9
2026-04-08_18:13:25 1.3316829703785713E8 -5719283.420703925 1.4136790899670868E9
2026-04-19_12:26:22 1.4144069807818994E8 -2245565.592963375 1.4123681949107366E9
2026-04-30_06:39:20 1.4966619708919767E8 1203489.516513564 1.4110342236386805E9
2026-05-11_00:52:17 1.5789889817934698E8 4663597.229056545 1.4096426671861548E9
2026-05-21_19:05:15 1.6610785704531625E8 8117268.331570312 1.4081660448330886E9
2026-06-01_13:18:13 1.7431943870604005E8 1.1569647289787704E7 1.406661537276551E9
2026-06-12_07:31:10 1.8252529362281862E8 1.5025628584005164E7 1.4050992017337942E9
2026-06-23_01:44:08 1.9071947121758142E8 1.847578926314757E7 1.4034519474658773E9
2026-07-03_19:57:05 1.989177212858979E8 2.1933582210863497E7 1.401775767612508E9
2026-07-14_14:10:03 2.0708789472983232E8 2.538304422763247E7 1.400015917076991E9
2026-07-25_08:23:01 2.1526038440358514E8 2.8831895400205545E7 1.3982280102774563E9
2026-08-05_02:35:58 2.2342660817429465E8 3.228347900885996E7 1.396382392771232E9
2026-08-15_20:48:56 2.3157482056449246E8 3.5731056294692926E7 1.3944523081828718E9
2026-08-26_15:01:53 2.3972596870702153E8 3.917734736805531E7 1.392492249921212E9
2026-09-06_09:14:51 2.478541409298806E8 4.262286828916414E7 1.3904487079176147E9
2026-09-17_03:27:49 2.5597206710787612E8 4.606022838081048E7 1.3883785587118502E9
2026-09-27_21:40:46 2.640974689459285E8 4.950694536211125E7 1.3862488451615407E9
2026-10-08_15:53:44 2.721885388766231E8 5.294263944773074E7 1.3840370537829435E9
2026-10-19_10:06:41 2.802795012399672E8 5.6378023212202124E7 1.381796366016959E9
2026-10-30_03:19:39 2.883715805666049E8 5.981793049960768E7 1.379495416289597E9
2026-11-09_21:32:37 2.9639522927448964E8 6.323221919705402E7 1.3771224907026048E9
2026-11-20_15:45:34 3.0446657367660433E8 6.666596447628593E7 1.374709134134744E9
2026-12-01_09:58:32 3.1249485836153126E8 7.008886072869478E7 1.372216294822127E9
2026-12-12_04:11:29 3.205243834193328E8 7.350997819539829E7 1.369694202145958E9
2026-12-22_22:24:27 3.2854856258134377E8 7.69335851983952E7 1.3671141986087925E9
2027-01-02_16:37:25 3.365449268431051E8 8.0349204179854E7 1.3644494859158487E9
2027-01-13_10:50:22 3.445263906839622E8 8.375924524267814E7 1.3617607810445802E9
2027-01-24_05:03:20 3.525160168249227E8 8.71758081179882E7 1.3590095910798419E9
2027-02-03_23:16:17 3.604616630104443E8 9.057596214166659E7 1.3561808552040029E9
2027-02-14_17:29:15 3.684221736870497E8 9.39851755929531E7 1.3533172300800796E9
2027-02-25_11:42:13 3.7634404805630505E8 9.73829946042037E7 1.3503749210405679E9
2027-03-08_05:55:10 3.842503615531192E8 1.0077321188152893E8 1.3474055230437698E9
2027-03-19_00:08:08 3.921643262084618E8 1.0417017697823095E8 1.3443734680263267E9
2027-03-29_19:21:05 4.0003036505477107E8 1.0755040416847664E8 1.3412668492672286E9
2027-04-09_13:34:03 4.079432720338976E8 1.109518252059904E8 1.3381127660369964E9
2027-04-20_07:47:01 4.1577428296079344E8 1.1432364424157763E8 1.334894308293606E9
2027-05-01_01:59:58 4.2360323692518824E8 1.1769443687225644E8 1.331645738044443E9
2027-05-11_20:12:56 4.314264820090966E8 1.2106546163419147E8 1.3283371804129057E9
2027-05-22_14:25:53 4.392110781616628E8 1.244238429713017E8 1.3249505547655191E9
2027-06-02_08:38:51 4.469991851278989E8 1.2778543666903096E8 1.321530931926767E9
2027-06-13_02:51:49 4.5474584016055906E8 1.3113406952323157E8 1.3180347533205726E9
2027-06-23_21:04:46 4.624823808515411E8 1.3447895200417155E8 1.3145097241479654E9
2027-07-04_15:17:44 4.7021322387618524E8 1.3782344694397214E8 1.3109256577330813E9
2027-07-15_09:30:41 4.7790209690901816E8 1.4115380959166068E8 1.307263662685144E9
2027-07-26_03:43:39 4.855723373189601E8 1.4447988444845402E8 1.303577228635806E9
2027-08-05_21:56:37 4.9324967286420727E8 1.4780926392417675E8 1.2998243603496969E9
2027-08-16_16:09:34 5.008691665985838E8 1.5111919534464437E8 1.296003627368951E9
2027-08-27_10:22:32 5.085060846607656E8 1.54436428607733E8 1.292141167253939E9
2027-09-07_04:35:29 5.1608231726209426E8 1.5773278383583987E8 1.2882112111471624E9
2027-09-17_22:48:27 5.236527314960668E8 1.6102873582853565E8 1.2842490640463061E9
2027-09-28_17:01:25 5.312175767831787E8 1.643228857766477E8 1.280227218271781E9
2027-10-09_11:14:22 5.38734086456883E8 1.676002288739862E8 1.2761324817905948E9
2027-10-20_05:27:20 5.462379301973255E8 1.7087592529593727E8 1.2720091184112566E9
2027-10-30_23:40:17 5.537232573538904E8 1.7414630968400314E8 1.2677998700898256E9
2027-11-10_16:53:15 5.611794430227114E8 1.7740705765039888E8 1.263569504089824E9
2027-11-21_11:06:13 5.686016138263353E8 1.806531611410777E8 1.259290806331188E9
2027-12-02_05:19:10 5.759992245724533E8 1.8389364209822157E8 1.2549294199279418E9
2027-12-12_23:32:08 5.833765935531735E8 1.871290146245985E8 1.2505425030257394E9
2027-12-23_17:45:05 5.907596256206917E8 1.903662503798307E8 1.2460868849258914E9
2028-01-03_11:58:03 5.980765943003217E8 1.9357882240621802E8 1.2415701969060144E9
2028-01-14_06:11:01 6.053850321211239E8 1.9679284921071714E8 1.2370208681328642E9
2028-01-25_00:23:58 6.126729902321618E8 1.9999948763353217E8 1.23238454321291E9
2028-02-04_18:36:56 6.19928307298415E8 2.031964117079811E8 1.2277305227318382E9
2028-02-15_12:49:53 6.271830084495369E8 2.063916693110367E8 1.223010482229017E9
2028-02-26_07:02:51 6.343689919813094E8 2.0956121683738366E8 1.218231906198435E9
2028-03-08_01:15:49 6.415430135185373E8 2.127325327061055E8 1.2134211639410615E9
2028-03-18_19:28:46 6.487100299433014E8 2.1589809890322566E8 1.2085474515459611E9
2028-03-29_14:41:44 6.558172470233994E8 2.19046465020497E8 1.2036112931665606E9
2028-04-09_08:54:41 6.629547646896554E8 2.2220476350612003E8 1.1986151616424785E9
2028-04-20_03:07:39 6.700064267457876E8 2.2532973399208045E8 1.1935751509450924E9
2028-04-30_21:20:37 6.770333426088045E8 2.284517743815285E8 1.1885103468240793E9
2028-05-11_15:33:34 6.840639046187177E8 2.3157189941548756E8 1.183373545819475E9
2028-05-22_09:46:32 6.91022084841219E8 2.3466448546266454E8 1.178185737538843E9
2028-06-02_03:59:29 6.97992602948786E8 2.3776971263514087E8 1.1729465981089673E9
2028-06-12_22:12:27 7.048947267427385E8 2.408445147942401E8 1.167652207618407E9
2028-06-23_16:25:25 7.117723567951691E8 2.4391535484756362E8 1.1623341605903778E9
2028-07-04_10:38:22 7.186534117715441E8 2.4698421428126475E8 1.1569438625322742E9
2028-07-15_04:51:20 7.254585545800381E8 2.5002422201732904E8 1.1515045911599166E9
2028-07-25_23:04:17 7.322478508626792E8 2.5306629040566877E8 1.1460323445657225E9
2028-08-05_17:17:15 7.390287763030548E8 2.5610006460987446E8 1.1404954770895724E9
2028-08-16_11:30:13 7.457413305595771E8 2.5911489758068776E8 1.1349042008353481E9
2028-08-27_05:43:10 7.524574508276464E8 2.6212609865111554E8 1.129267808472661E9
2028-09-06_23:56:08 7.591070980564429E8 2.651123116637738E8 1.1235784483395946E9
2028-09-17_18:09:05 7.657286415810852E8 2.680959606790747E8 1.1178648477674572E9
2028-09-28_12:22:03 7.723513061993625E8 2.7107487637124074E8 1.1120766599123683E9
2028-10-09_06:35:01 7.789013034050207E8 2.7402599843961036E8 1.1062427115944443E9
2028-10-20_00:47:58 7.854482615408794E8 2.7698512037003756E8 1.1003611252685769E9
2028-10-30_18:00:56 7.919286186430831E8 2.799122883940435E8 1.0944309618249414E9
2028-11-10_12:13:53 7.983561673480701E8 2.8282535909119767E8 1.0884977479326851E9
2028-11-21_06:26:51 8.048077943494346E8 2.8574365482998574E8 1.0824683363216271E9
2028-12-02_00:39:49 8.11178370677378E8 2.8863058637918985E8 1.076401039766815E9
2028-12-12_18:52:46 8.175294051274247E8 2.915197853516008E8 1.0703003657617536E9
2028-12-23_13:05:44 8.238684571207743E8 2.943974843782607E8 1.064132806629717E9
2029-01-03_07:18:41 8.301370535984321E8 2.972482911161847E8 1.057921687785319E9
2029-01-14_01:31:39 8.364067096633488E8 3.0011001125025344E8 1.0516562856158811E9
2029-01-24_19:44:37 8.425953438622357E8 3.029321385229813E8 1.0453573532062888E9
2029-02-04_13:57:34 8.487636051994545E8 3.057555849587872E8 1.0390250088669204E9
2029-02-15_08:10:32 8.549206009971354E8 3.085677364807121E8 1.0326259754637166E9
2029-02-26_02:23:29 8.610018995193934E8 3.113509514331536E8 1.0261847721253097E9
2029-03-08_20:36:27 8.670515407425941E8 3.141320069895642E8 1.0197213219158659E9
2029-03-19_14:49:25 8.730987308441569E8 3.1690464314373684E8 1.0131805233309909E9
2029-03-30_10:02:22 8.790581285849308E8 3.196525861851777E8 1.0066116446018407E9
2029-04-10_04:15:20 8.850500609525664E8 3.224066527715692E8 9.999581582208589E8
2029-04-20_22:28:17 8.909340609406849E8 3.2511749363648075E8 9.933005262699484E8
2029-05-01_16:41:15 8.967942753166095E8 3.2783036082938576E8 9.866095617904075E8
2029-05-12_10:54:13 9.026445674727155E8 3.3053097264020365E8 9.798453030994185E8
2029-05-23_05:07:10 9.084063147129233E8 3.332073761869505E8 9.730581816321445E8
2029-06-02_23:20:08 9.141767572205116E8 3.35878586129148E8 9.662069834251171E8
2029-06-13_17:33:05 9.198602849559579E8 3.385161567644216E8 9.593340652816478E8
2029-06-24_11:46:03 9.255183527750065E8 3.41154846953842E8 9.524277314086571E8
2029-07-05_05:59:01 9.31162041022781E8 3.4377902029080343E8 9.454538605550781E8
2029-07-16_00:11:58 9.367262882522557E8 3.463724964738388E8 9.384478890757334E8
2029-07-26_18:24:56 9.422818391515088E8 3.4897498145044965E8 9.313897003886712E8
2029-08-06_12:37:53 9.477629963924763E8 3.515377776200881E8 9.243018693384533E8
2029-08-17_06:50:51 9.532072265397477E8 3.54097527279237E8 9.171923694348631E8
2029-08-28_01:03:49 9.586450949327751E8 3.566455716496511E8 9.100039766025006E8
2029-09-07_19:16:46 9.639989444926959E8 3.591605783112209E8 9.027942225438833E8
2029-09-18_13:29:44 9.693136503355925E8 3.6167278409415907E8 8.955625016137774E8
2029-09-29_07:42:41 9.746211869657948E8 3.6417200638130134E8 8.882518197422055E8
2029-10-10_01:55:39 9.798366083457644E8 3.666469352935579E8 8.809289696365117E8
2029-10-20_20:08:37 9.850561584219365E8 3.691131451574544E8 8.73538543014341E8
2029-10-31_13:21:34 9.901868512906706E8 3.715445014365332E8 8.661368830816072E8
2029-11-11_07:34:32 9.952685198619505E8 3.7396873655748904E8 8.587284368211173E8
2029-11-22_01:47:29 1.000350319326135E9 3.763829671525544E8 8.512263412937275E8
2029-12-02_20:00:27 1.0053511411206334E9 3.787654003795253E8 8.437045764585662E8
2029-12-13_14:13:25 1.0103123928700039E9 3.811455181003255E8 8.361623917414608E8
2029-12-24_08:26:22 1.0152626898519998E9 3.835102399464936E8 8.285396750802588E8
2030-01-04_02:39:20 1.0201238675792848E9 3.858529021697116E8 8.209061043291175E8
2030-01-14_20:52:17 1.0249783167470675E9 3.881810835705582E8 8.132142043173361E8
2030-01-25_15:05:15 1.0297502706634479E9 3.9047689614455676E8 8.055064192624823E8
2030-02-05_09:18:13 1.0344816114347433E9 3.927704101991813E8 7.977795949775008E8
2030-02-16_03:31:10 1.0392005824754047E9 3.950472574301561E8 7.899724243028997E8
2030-02-26_21:44:08 1.0438295923637164E9 3.9728823174300325E8 7.821636149946187E8
2030-03-09_15:57:05 1.0484484597438529E9 3.9954071320463866E8 7.74285149311496E8
2030-03-20_10:10:03 1.0529832575603206E9 4.0174585481679463E8 7.664058142549735E8
2030-03-31_05:23:01 1.0574815353927127E9 4.0395132361018527E8 7.584958764215354E8
2030-04-10_23:35:58 1.061975657874722E9 4.0614292165430725E8 7.504906198217021E8
2030-04-21_17:48:56 1.066370278018201E9 4.082945741832304E8 7.425032307790695E8
2030-05-02_12:01:53 1.0707241922252725E9 4.1044484254410946E8 7.344927287141275E8
2030-05-13_06:14:51 1.0750550617714007E9 4.1257296520609254E8 7.264129926435163E8
2030-05-24_00:27:49 1.0792990436240103E9 4.1468135531745446E8 7.183266299588277E8
2030-06-03_18:40:46 1.0835331542837558E9 4.1677231374024814E8 7.101801541491663E8
2030-06-14_12:53:44 1.0876826144150789E9 4.188296611203044E8 7.020296700572121E8
2030-06-25_07:06:41 1.0917881109317381E9 4.208847285594572E8 6.938614247096753E8
2030-07-06_01:19:39 1.0958754902959764E9 4.2291915305716777E8 6.856122704368066E8
2030-07-16_19:32:37 1.0998694074986897E9 4.2493149956905305E8 6.773740724624348E8
2030-07-27_13:45:34 1.1038559131091666E9 4.2692690033220077E8 6.690629581172978E8
2030-08-07_07:58:32 1.1077547589359157E9 4.2888676737461305E8 6.607624873092438E8
2030-08-18_02:11:29 1.1116120255869586E9 4.308467056141632E8 6.524332698216895E8
2030-08-28_20:24:27 1.1154472996900375E9 4.327834012725212E8 6.44030591414546E8
2030-09-08_14:37:25 1.119193298465677E9 4.3468427783932143E8 6.356429845420192E8
2030-09-19_08:50:22 1.122898539008803E9 4.3658500816405046E8 6.272263362727145E8
2030-09-30_03:03:20 1.1265760887002225E9 4.384601767045088E8 6.187417774035064E8
2030-10-10_21:16:17 1.130167578646388E9 4.4031718000308436E8 6.102612797853967E8
2030-10-21_15:29:15 1.133740629579925E9 4.4215171274195004E8 6.01719580485449E8
2030-11-01_08:42:13 1.1372325267888117E9 4.4395359841948396E8 5.931854162623385E8
2030-11-12_02:55:10 1.1406629413411183E9 4.4574690147429395E8 5.846652707418597E8
2030-11-22_21:08:08 1.1440834809345868E9 4.4752174992496395E8 5.760354901889219E8
2030-12-03_15:21:05 1.1474168369195344E9 4.4926146417028505E8 5.674267084316701E8
2030-12-14_09:34:03 1.1507058839133928E9 4.5100030312024975E8 5.587912007906075E8
2030-12-25_03:47:01 1.1539665152597196E9 4.527124900298874E8 5.50081719968503E8
2031-01-04_21:59:58 1.1571359580592008E9 4.5440483326660657E8 5.41396768175273E8
2031-01-15_16:12:56 1.1602911477161188E9 4.5607545419235474E8 5.326371667840548E8
2031-01-26_10:25:53 1.1633597501602151E9 4.577111501315107E8 5.239042929736842E8
2031-02-06_04:38:51 1.1663826835155964E9 4.5934574931943125E8 5.151444017711687E8
2031-02-16_22:51:49 1.1693741785664635E9 4.609517619542704E8 5.063175149482079E8
2031-02-27_17:04:46 1.1722847441095114E9 4.6252532098711544E8 4.975063092239576E8
2031-03-10_11:17:44 1.175160807482163E9 4.6410334902395934E8 4.8863476543996626E8
2031-03-21_05:30:41 1.1779640861227996E9 4.656338072375608E8 4.7977814612427664E8
2031-04-01_00:43:39 1.1807143716595855E9 4.671616354649313E8 4.709103322281843E8
2031-04-11_18:56:37 1.1834459581782546E9 4.6866527270351493E8 4.6193269150760573E8
2031-04-22_13:09:34 1.1860868016829188E9 4.701319227222488E8 4.5300998443046784E8
2031-05-03_07:22:32 1.1886882038937511E9 4.7160159162851965E8 4.440284158291208E8
2031-05-14_01:35:29 1.191218936539836E9 4.730240040582615E8 4.350655928227156E8
2031-05-24_19:48:27 1.193695385115895E9 4.7444364646380323E8 4.260931984287389E8
2031-06-04_14:01:25 1.1961409216835957E9 4.758332467271756E8 4.170427480539553E8
2031-06-15_08:14:22 1.1985039774857504E9 4.771891588977863E8 4.080296334721512E8
2031-06-26_02:27:20 1.2008174153991625E9 4.78543554050913E8 3.989913378666919E8
2031-07-06_20:40:17 1.2030933652762842E9 4.7986538725407547E8 3.89890639176543E8
2031-07-17_14:53:15 1.2052856724551237E9 4.8117246394990695E8 3.808141554513673E8
2031-07-28_09:06:13 1.207449839937737E9 4.8244967441668195E8 3.716767064297842E8
2031-08-08_03:19:10 1.2095374779197085E9 4.8369507628160566E8 3.6256713758161634E8
2031-08-18_21:32:08 1.2115706697797725E9 4.8493856720524186E8 3.5344197668109345E8
2031-08-29_15:45:05 1.2135657263485737E9 4.8614800172784346E8 3.442538212830692E8
2031-09-09_09:58:03 1.215486283568632E9 4.873272108974915E8 3.3509235914466685E8
2031-09-20_04:11:01 1.2173602751688466E9 4.885076001434383E8 3.258737569912479E8
2031-09-30_22:23:58 1.2191677050817742E9 4.896406085816346E8 3.1668294557326305E8
2031-10-11_16:36:56 1.2209175585339112E9 4.9077076515830445E8 3.074865795866732E8
2031-10-22_10:49:53 1.2226306678762734E9 4.918669521310281E8 2.9821478071616274E8
2031-11-02_04:02:51 1.224266488068013E9 4.9293156504116786E8 2.88990162233265E8
2031-11-12_22:15:49 1.225841417486943E9 4.939903952803294E8 2.7977618859722614E8
2031-11-23_16:28:46 1.2273827157821097E9 4.9501742321102464E8 2.7046338936340064E8
2031-12-04_10:41:44 1.2288491814167964E9 4.9601375193814236E8 2.611984774222137E8
2031-12-15_04:54:41 1.2302683823076055E9 4.970113884603159E8 2.5186214148979014E8
2031-12-25_23:07:39 1.2316210387631319E9 4.9796084671118295E8 2.4257349904308072E8
2032-01-05_17:20:37 1.2329164328822887E9 4.9890832817230654E8 2.3326640063417718E8
2032-01-16_11:33:34 1.2341692075341141E9 4.998184640921098E8 2.2390126299521378E8
2032-01-27_05:46:32 1.235350184083572E9 5.00699459854064E8 2.1457442800218928E8
2032-02-06_23:59:29 1.2364723904022658E9 5.015758923472594E8 2.0524437908994865E8
2032-02-17_18:12:27 1.2375524244029677E9 5.024159568091525E8 1.9584157421381193E8
2032-02-28_12:25:25 1.2385543505885491E9 5.032447451798726E8 1.8649171866755664E8
2032-03-10_06:38:22 1.239518263947855E9 5.040376709745255E8 1.7707051330024844E8
2032-03-21_00:51:20 1.240413362493469E9 5.048012144676457E8 1.6769739110548875E8
2032-03-31_20:04:17 1.2412460635907571E9 5.0556136687365603E8 1.5832335914055604E8
2032-04-11_14:17:15 1.2420390674295375E9 5.0628459867985547E8 1.4884582916408902E8
2032-04-22_08:30:13 1.2427524286506593E9 5.069962774254147E8 1.3945700417200592E8
2032-05-03_02:43:10 1.2434249063615446E9 5.076702678513294E8 1.299998595776964E8
2032-05-13_20:56:08 1.244030496816688E9 5.0831569845133525E8 1.205985284727789E8
2032-05-24_15:09:05 1.2445746674590173E9 5.089584281276344E8 1.1118289333782949E8
2032-06-04_09:22:03 1.245071291567555E9 5.0956056249802965E8 1.0171413414796486E8
2032-06-15_03:35:01 1.245503321154125E9 5.1013606478935033E8 9.229010615041456E7
2032-06-25_21:47:58 1.2458726884756222E9 5.107072925232471E8 8.287079437526517E7
2032-07-06_16:00:56 1.2461922838883312E9 5.112356059765367E8 7.338117435462655E7
2032-07-17_10:13:53 1.246445818793767E9 5.1175959235930306E8 6.394525469343239E7
2032-07-28_04:26:51 1.246650932841033E9 5.1224199889333516E8 5.4454650641907014E7
2032-08-07_22:39:49 1.2467922581574428E9 5.1269804142721915E8 4.501542715435109E7
2032-08-18_16:52:46 1.246871116217225E9 5.131493494245986E8 3.55788971393674E7
2032-08-29_11:05:44 1.2469005627130382E9 5.135593688355479E8 2.607610198727633E7
2032-09-09_05:18:41 1.2468606311279972E9 5.139628899899796E8 1.6636546982367923E7
2032-09-19_23:31:39 1.2467726120697615E9 5.1432443727450603E8 7133302.1772498
2032-09-30_17:44:37 1.246624978720744E9 5.146601884487206E8 -2309083.865374869
2032-10-11_11:57:34 1.2464122156599727E9 5.1499251497088784E8 -1.1757235207961878E7
2032-10-22_06:10:32 1.24614803913251E9 5.152814614751025E8 -2.125483841833068E7
2032-11-01_23:23:29 1.2458257258711395E9 5.155462698497942E8 -3.070165752121324E7
2032-11-12_17:36:27 1.2454398018888032E9 5.15805836577678E8 -4.011189688895284E7
2032-11-23_11:49:25 1.2450007733441098E9 5.1602221330946016E8 -4.960558463617502E7
2032-12-04_06:02:22 1.2444966133324192E9 5.162341296065015E8 -5.904870483423416E7
2032-12-15_00:15:20 1.2439402647911663E9 5.1640210533771366E8 -6.853524289398119E7
2032-12-25_18:28:17 1.243328508275498E9 5.165455483022631E8 -7.797074611653756E7
2033-01-05_12:41:15 1.2426507867690334E9 5.166855389070018E8 -8.739560299149261E7
2033-01-16_06:54:13 1.2419192838712468E9 5.1678039872058576E8 -9.688098146701258E7
2033-01-27_01:07:10 1.2411337822488983E9 5.168528281893461E8 -1.0629733401756711E8
2033-02-06_19:20:08 1.2402820289978096E9 5.1691905918259686E8 -1.1571623382820761E8
2033-02-17_13:33:05 1.2393756533191772E9 5.1694103096443784E8 -1.251795774018643E8
2033-02-28_07:46:03 1.2384080205174208E9 5.1696072405956733E8 -1.3458750963035783E8
2033-03-11_01:59:01 1.2373845670005915E9 5.1693378337851727E8 -1.4404615508520198E8
2033-03-21_20:11:58 1.2363107202287157E9 5.16885922440761E8 -1.5343228680076894E8
2033-04-01_15:24:56 1.2351697562565942E9 5.168317207918082E8 -1.6282015702269804E8
2033-04-12_09:37:53 1.2339689981124268E9 5.1673057371797067E8 -1.7228280318573055E8
2033-04-23_03:50:51 1.2327130527248611E9 5.1662969830592334E8 -1.8165695371328658E8
2033-05-03_22:03:49 1.2313997597697253E9 5.1648162039676315E8 -1.9107016813626498E8
2033-05-14_16:16:46 1.2300377924346166E9 5.163130142670104E8 -2.0042386238750783E8
2033-05-25_10:29:44 1.2286092353215966E9 5.16138446368101E8 -2.097627820192395E8
2033-06-05_04:42:41 1.2271221134230742E9 5.159171292311523E8 -2.1915562767968103E8
2033-06-15_22:55:39 1.2255891010755837E9 5.156766242532555E8 -2.284751562363526E8
2033-06-26_17:08:37 1.2239778152995498E9 5.154265545029221E8 -2.378475063142006E8
2033-07-07_11:21:34 1.2223302190307827E9 5.151367059784263E8 -2.4715277260596794E8
2033-07-18_05:34:32 1.2206151622123961E9 5.148428795707321E8 -2.564390537378387E8
2033-07-28_23:47:29 1.2188399402225678E9 5.145001945353442E8 -2.6577643435243928E8
2033-08-08_18:00:27 1.2170230611666746E9 5.1414003788002056E8 -2.750375926758378E8
2033-08-19_12:13:25 1.2151369036123588E9 5.1377288150983435E8 -2.8429428995699054E8
2033-08-30_06:26:22 1.213191721026378E9 5.1335834659313315E8 -2.935880549537835E8
2033-09-10_00:39:20 1.2111945200894032E9 5.129459285436509E8 -3.0281810195718485E8
2033-09-20_18:52:17 1.2091360621888964E9 5.1248341138533276E8 -3.120821114152949E8
2033-10-01_13:05:15 1.207036339691612E9 5.120021747782636E8 -3.2128294802132154E8
2033-10-12_07:18:13 1.2048682340825088E9 5.1151712524526435E8 -3.3046273518054676E8
2033-10-23_01:31:10 1.202638436883797E9 5.109818378861209E8 -3.3968897337770355E8
2033-11-02_18:44:08 1.200368933312502E9 5.104298010925781E8 -3.488478319582174E8
2033-11-13_12:57:05 1.1980413064428177E9 5.098759841747077E8 -3.5794725045120364E8
2033-11-24_07:10:03 1.1956424701105652E9 5.092688109973454E8 -3.671246762767245E8
2033-12-05_01:23:01 1.1932000543969843E9 5.086673380940744E8 -3.762255909899467E8
2033-12-15_19:35:58 1.190689320322481E9 5.080122687825705E8 -3.853684312190633E8
2033-12-26_13:48:56 1.1881453649455242E9 5.07343338299888E8 -3.9443278243079233E8
2034-01-06_08:01:53 1.185530155115099E9 5.066667736015769E8 -4.0348770034618455E8
2034-01-17_02:14:51 1.1828541635582159E9 5.059415163177378E8 -4.125678394604257E8
2034-01-27_20:27:49 1.180142334401757E9 5.052007766666834E8 -4.21584966954782E8
2034-02-07_14:40:46 1.17734784971182E9 5.0444881194524467E8 -4.306252263302717E8
2034-02-18_08:53:44 1.1745278332961476E9 5.0366050502142406E8 -4.3960342985694844E8
2034-03-01_03:06:41 1.171637404648831E9 5.0286755201120275E8 -4.4855929624385107E8
2034-03-11_21:19:39 1.1686854349433503E9 5.020238338747582E8 -4.5754155301197684E8
2034-03-22_15:32:37 1.1657021046272821E9 5.0116661831499654E8 -4.664565859335119E8
2034-04-02_10:45:34 1.1626515678300695E9 5.0030380522263473E8 -4.753421961651297E8
2034-04-13_04:58:32 1.1595309895116172E9 4.993876294803796E8 -4.842982852020895E8
2034-04-23_23:11:29 1.156372136013246E9 4.9847929195378745E8 -4.931399058524634E8
2034-05-04_17:24:27 1.1531467549780917E9 4.9751788863933593E8 -5.020163660731177E8
2034-05-15_11:37:25 1.1498970290191052E9 4.965459769117125E8 -5.108138073056954E8
2034-05-26_05:50:22 1.14657555345893E9 4.955660709685427E8 -5.1959413632244086E8
2034-06-06_00:03:20 1.1431917950366504E9 4.9453645397539157E8 -5.283929269413839E8
2034-06-16_18:16:17 1.1397706299288485E9 4.935148941745032E8 -5.37126789738081E8
2034-06-27_12:29:15 1.1362789755433977E9 4.9243844804837686E8 -5.458818706669732E8
2034-07-08_06:42:13 1.1327650335326886E9 4.913509887743078E8 -5.545597236503808E8
2034-07-19_00:55:10 1.1291785671403737E9 4.9025786027095306E8 -5.632149860605129E8
2034-07-29_19:08:08 1.1255295271239505E9 4.891130945951406E8 -5.718884214429582E8
2034-08-09_13:21:05 1.1218559324841585E9 4.879577841620909E8 -5.804957898469971E8
2034-08-20_07:34:03 1.118116656000476E9 4.8679824189896303E8 -5.890645774018877E8
2034-08-31_01:47:01 1.1143184464471607E9 4.8558731513751096E8 -5.976672457321594E8
2034-09-10_19:59:58 1.1104756122904065E9 4.843827472087046E8 -6.061829413849367E8
2034-09-21_14:12:56 1.1065643130583231E9 4.831238262108492E8 -6.14724957264744E8
2034-10-02_08:25:53 1.1026333650085115E9 4.8185612240268147E8 -6.231966615863447E8
2034-10-13_02:38:51 1.0986378087356105E9 4.805838170169696E8 -6.316271246956842E8
2034-10-23_20:51:49 1.0945735055869277E9 4.792577915361961E8 -6.400829035156813E8
2034-11-03_14:04:46 1.0904846059880428E9 4.779456990958602E8 -6.484605957406908E8
2034-11-14_08:17:44 1.086333979776831E9 4.765819809945701E8 -6.568267562740337E8
2034-11-25_02:30:41 1.0821554627150059E9 4.752047147362779E8 -6.651456494192449E8
2034-12-05_20:43:39 1.0779033821973312E9 4.738211295226518E8 -6.734363663776633E8
2034-12-16_14:56:37 1.0735903336106379E9 4.723863448609691E8 -6.817333360168595E8
2034-12-27_09:09:34 1.0692597172678751E9 4.7094355776584965E8 -6.899658526326566E8
2035-01-07_03:22:32 1.0648643555984612E9 4.6949550278996646E8 -6.981549957590729E8
2035-01-17_21:35:29 1.060399986357693E9 4.679940012921577E8 -7.063635846614532E8
2035-01-28_15:48:27 1.0559122638629377E9 4.665064765922362E8 -7.145010617643117E8
2035-02-08_10:01:25 1.0513537240796851E9 4.6496339390832496E8 -7.22639021967698E8
2035-02-19_04:14:22 1.0467794425887045E9 4.634120978628397E8 -7.307112568781667E8
2035-03-01_22:27:20 1.0421409546478082E9 4.6185786620836234E8 -7.387372494037852E8
2035-03-12_16:40:17 1.0374337666585196E9 4.6024877172235054E8 -7.467791777074798E8
2035-03-23_10:53:15 1.0327193167451652E9 4.586363794961548E8 -7.547451634312688E8
2035-04-03_06:06:13 1.0279347034513124E9 4.570173715845978E8 -7.626747358777075E8
2035-04-14_00:19:10 1.0230820943291779E9 4.553428975210516E8 -7.706438223397467E8
2035-04-24_18:32:08 1.0182026717639365E9 4.5368175229930913E8 -7.785040339666995E8
2035-05-05_12:45:05 1.0132621770924515E9 4.519692834070392E8 -7.863641547681148E8
2035-05-16_06:58:03 1.0083098374143935E9 4.502510994990558E8 -7.94161935954643E8
2035-05-27_01:11:01 1.0032925898513435E9 4.4852722050355935E8 -8.019139723407164E8
2035-06-06_19:23:58 9.982137726146348E8 4.467528966898917E8 -8.096654321211063E8
2035-06-17_13:36:56 9.931143148943127E8 4.4499339769085294E8 -8.173535972124138E8
2035-06-28_07:49:53 9.879440419644195E8 4.4317811142804223E8 -8.250319898458745E8
2035-07-09_02:02:51 9.827640551734653E8 4.413582631326358E8 -8.326460579879584E8
2035-07-19_20:15:49 9.775232756333138E8 4.395342352573461E8 -8.402077339082944E8
2035-07-30_14:28:46 9.722144340944264E8 4.3765680200732803E8 -8.477764919686921E8
2035-08-10_08:41:44 9.66904243858533E8 4.3577821515351456E8 -8.552712201702179E8
2035-08-21_02:54:41 9.614977594670805E8 4.338811687405211E8 -8.627612231429946E8
2035-08-31_21:07:39 9.561001048141549E8 4.319619669538991E8 -8.70181097195568E8
2035-09-11_15:20:37 9.50634311106375E8 4.3003781650006294E8 -8.7755503495449E8
2035-09-22_09:33:34 9.451051040560396E8 4.2806098993386227E8 -8.849260365746969E8
2035-10-03_03:46:32 9.39578804300412E8 4.2608485373677593E8 -8.922255894835798E8
2035-10-13_21:59:29 9.339846892174104E8 4.2410132654611284E8 -8.99479642559394E8
2035-10-24_16:12:27 9.283320552667402E8 4.220684930199328E8 -9.067238357148376E8
2035-11-04_09:25:25 9.226632096377407E8 4.200519284167257E8 -9.139086230223452E8
2035-11-15_03:38:22 9.169480983036888E8 4.179904474775584E8 -9.210449319703709E8
2035-11-25_21:51:20 9.11206907135212E8 4.159159315878082E8 -9.281468659803632E8
2035-12-06_16:04:17 9.054079999934936E8 4.138399439946939E8 -9.351898370154755E8
2035-12-17_10:17:15 8.995425021533301E8 4.1171021588959974E8 -9.422302661111358E8
2035-12-28_04:30:13 8.936830419847466E8 4.095824267370167E8 -9.492010137404585E8
2036-01-07_22:43:10 8.877563727974832E8 4.074472611935067E8 -9.561239090074869E8
2036-01-18_16:56:08 8.817698451820136E8 4.052621736754558E8 -9.630355634995791E8
2036-01-29_11:09:05 8.757807061364723E8 4.030988332848838E8 -9.698781827027912E8
2036-02-09_05:22:03 8.69714660575794E8 4.008771865399644E8 -9.767022699252219E8
2036-02-19_23:35:01 8.636562103820697E8 3.9865810794945467E8 -9.834583983529341E8
2036-03-01_17:47:58 8.575336040800399E8 3.964326002727807E8 -9.901624540477122E8
2036-03-12_12:00:56 8.513546787743711E8 3.9415884967394626E8 -9.968493715266982E8
2036-03-23_06:13:53 8.451751434621863E8 3.9188414228697944E8 -1.0034777100826267E9
2036-04-03_01:26:51 8.389121580671579E8 3.895951033315946E8 -1.0100735044368144E9
2036-04-13_19:39:49 8.326347936089102E8 3.87274891606604E8 -1.016635427709899E9
2036-04-24_13:52:46 8.263266461068375E8 3.8496386420166194E8 -1.0231099983519924E9
2036-05-05_08:05:44 8.19954901533225E8 3.8260071103471106E8 -1.0295738055873827E9
2036-05-16_02:18:41 8.135865406603398E8 3.8023819019270444E8 -1.0359776674913226E9
2036-05-26_20:31:39 8.071378714519733E8 3.778625712723479E8 -1.0423433037977667E9
2036-06-06_14:44:37 8.00699093833045E8 3.754666399561115E8 -1.0486542778475477E9
2036-06-17_08:57:34 7.942090931454015E8 3.730704494844869E8 -1.0548986868018543E9
2036-06-28_03:10:32 7.87655947396804E8 3.706223643949574E8 -1.0611276587398335E9
2036-07-08_21:23:29 7.811154258279943E8 3.6817905505923057E8 -1.0672939864748309E9
2036-07-19_15:36:27 7.745136434383503E8 3.6572990072770965E8 -1.0734032964015424E9
2036-07-30_09:49:25 7.678621035167677E8 3.6323545211371726E8 -1.0794847183131533E9
2036-08-10_04:02:22 7.612036511535317E8 3.6076005969865066E8 -1.0855125674095247E9
2036-08-20_22:15:20 7.544836005511124E8 3.5823316308037037E8 -1.0914983547186732E9
2036-08-31_16:28:17 7.477670279122804E8 3.557064328406236E8 -1.0974311813919723E9
2036-09-11_10:41:15 7.409965691223428E8 3.531776856241601E8 -1.1032983930016236E9
2036-09-22_04:54:13 7.341763409321308E8 3.50603230541288E8 -1.1091365310366127E9
2036-10-02_23:07:10 7.273590583755497E8 3.4802917289773923E8 -1.114925405337459E9
2036-10-13_17:20:08 7.204659224189909E8 3.4544305394934374E8 -1.120665341956469E9
2036-10-24_11:33:05 7.135858708240451E8 3.4283844723199046E8 -1.1263545599429488E9
2036-11-04_04:46:03 7.066598285378827E8 3.4023483219666547E8 -1.1319720306863713E9
2036-11-14_22:59:01 6.997000693975503E8 3.375927489314053E8 -1.137546818340175E9
2036-11-25_17:11:58 6.927299501359751E8 3.3494462204947186E8 -1.143084835668311E9
2036-12-06_11:24:56 6.8570648983014E8 3.322941458354401E8 -1.1485563488916118E9
2036-12-17_05:37:53 6.786351152240984E8 3.2959930663117284E8 -1.1539946950873208E9
2036-12-27_23:50:51 6.715699026081264E8 3.26906046038043E8 -1.1593844482556467E9
2037-01-07_18:03:49 6.644253044550368E8 3.241981654561018E8 -1.1647250129357095E9
2037-01-18_12:16:46 6.573073780953763E8 3.21478597579352E8 -1.1700098745675972E9
2037-01-29_06:29:44 6.501348120759755E8 3.187553663417701E8 -1.175227268618298E9
2037-02-09_00:42:41 6.429162721052654E8 3.15988744239699E8 -1.180409916491161E9
2037-02-19_18:55:39 6.357056386819953E8 3.132247821293362E8 -1.1855457562340143E9
2037-03-02_13:08:37 6.284543972129736E8 3.104621576122863E8 -1.1906049175424497E9
2037-03-13_07:21:34 6.211483255582024E8 3.0765277904075474E8 -1.195634942028372E9
2037-03-24_01:34:32 6.138525901149206E8 3.048682337921819E8 -1.2006102052657287E9
2037-04-03_20:47:29 6.064923646255645E8 3.0203197396852237E8 -1.205535364610852E9
2037-04-14_15:00:27 5.991226618066013E8 2.991905939390241E8 -1.2104247446890557E9
2037-04-25_09:13:25 5.917318827907072E8 2.963591213350063E8 -1.2152262794975736E9
2037-05-06_03:26:22 5.842934773650032E8 2.9348379222059983E8 -1.2199922933008974E9
2037-05-16_21:39:20 5.768663960578327E8 2.90633571530739E8 -1.224705018877104E9
2037-05-27_15:52:17 5.693770092719939E8 2.8773271188994914E8 -1.2293645529620934E9
2037-06-07_10:05:15 5.619082673746867E8 2.848398304294552E8 -1.2339731581396716E9
2037-06-18_04:18:13 5.543889089000093E8 2.819435080064797E8 -1.238509692475781E9
2037-06-28_22:31:10 5.468329280015969E8 2.790087770620735E8 -1.243004179887104E9
2037-07-09_16:44:08 5.392853786132137E8 2.7607650959916514E8 -1.247455798735199E9
2037-07-20_10:57:05 5.317020624583088E8 2.7314682040821004E8 -1.2518279898995953E9
2037-07-31_05:10:03 5.240702633082606E8 2.7017371370854074E8 -1.2561636271426246E9
2037-08-10_23:23:01 5.164453213646644E8 2.6722279335443866E8 -1.260453473219846E9
2037-08-21_17:35:58 5.0877314396824974E8 2.6422847643431348E8 -1.2646772465287988E9
2037-09-01_11:48:56 5.011111953426846E8 2.612375053870434E8 -1.268859486673833E9
2037-09-12_06:01:53 4.934167593627275E8 2.5825031234241548E8 -1.272960049292587E9
2037-09-23_00:14:51 4.85675636738416E8 2.552205266201932E8 -1.277022586235667E9
2037-10-03_18:27:49 4.779478466265464E8 2.5221529622936705E8 -1.2810367535574372E9
2037-10-14_12:40:46 4.7016463666409403E8 2.4916347346424386E8 -1.2849889263837316E9
2037-10-25_05:53:44 4.624019533831339E8 2.4611950553026566E8 -1.2888960755208669E9
2037-11-05_00:06:41 4.5462708824014866E8 2.4308742128810823E8 -1.292712922770431E9
2037-11-15_18:19:39 4.467918219862805E8 2.400072502807906E8 -1.2964953378030322E9
2037-11-26_12:32:37 4.3896435847344166E8 2.3692938892348582E8 -1.3002394730657287E9
2037-12-07_06:45:34 4.311033405224983E8 2.338538655141616E8 -1.3039031565869427E9
2037-12-18_00:58:32 4.232119006607298E8 2.307435325067348E8 -1.3075191942558856E9
2037-12-28_19:11:29 4.1532043752250946E8 2.2765121789284784E8 -1.3110962498868012E9
2038-01-08_13:24:27 4.0739399434651506E8 2.2452165830616653E8 -1.3146012281812055E9
2038-01-19_07:37:25 3.994757318331575E8 2.213950231222973E8 -1.318067350969495E9
2038-01-30_01:50:22 3.915322036688573E8 2.1827307753546304E8 -1.3214495963950655E9
2038-02-09_20:03:20 3.8354820368269527E8 2.1511256223803392E8 -1.324787091975074E9
2038-02-20_14:16:17 3.7558613281571233E8 2.119604440517286E8 -1.3280832398640428E9
2038-03-03_08:29:15 3.6758421523961544E8 2.0880706197972476E8 -1.3313004431616795E9
2038-03-14_02:42:13 3.5955985594283193E8 2.0562293805079472E8 -1.3344674486015174E9
2038-03-24_20:55:10 3.5153648279792184E8 2.0245659215693265E8 -1.3375962127350888E9
2038-04-04_16:08:08 3.4347563951709664E8 1.992524743762986E8 -1.3406511398666804E9
2038-04-15_10:21:05 3.35404975007899E8 1.9604299027933493E8 -1.3436763336222105E9
2038-04-26_04:34:03 3.2733098129029095E8 1.928476062226517E8 -1.3466099098452294E9
2038-05-06_22:47:01 3.19234452369202E8 1.8962177885745832E8 -1.3494920818636532E9
2038-05-17_16:59:58 3.111378894538425E8 1.8641252630240417E8 -1.352338806546514E9
2038-05-28_11:12:56 3.0301641772555256E8 1.8317179580232868E8 -1.3551076464659567E9
2038-06-08_05:25:53 2.94900539454256E8 1.799321626655557E8 -1.3578418050224228E9
2038-06-18_23:38:51 2.8676740383596236E8 1.7670003247716925E8 -1.3604895828706865E9
2038-06-29_17:51:49 2.786013800466132E8 1.734333725352861E8 -1.3630883992643824E9
2038-07-10_12:04:46 2.704566395270078E8 1.7017475231861126E8 -1.365649326235642E9
2038-07-21_06:17:44 2.6225863187771833E8 1.6690719132454973E8 -1.3681334333278592E9
2038-08-01_00:30:41 2.5408441369693846E8 1.6363213480949575E8 -1.3705834967719214E9
2038-08-11_18:43:39 2.4589450709257293E8 1.603633706136844E8 -1.3729458347463279E9
2038-08-22_12:56:37 2.3767466214760375E8 1.570623926307506E8 -1.3752569319965982E9
2038-09-02_07:09:34 2.2947417715228337E8 1.5376871340480942E8 -1.3775334696962535E9
2038-09-13_01:22:32 2.212476507632732E8 1.5047786557614124E8 -1.3797259531240268E9
2038-09-23_19:35:29 2.1300459080028793E8 1.4716024709041414E8 -1.381863872284273E9
2038-10-04_13:48:27 2.0476525898665103E8 1.438596847196807E8 -1.3839691691387362E9
2038-10-15_08:01:25 1.9650732125323546E8 1.405309827985739E8 -1.3859919900963352E9
2038-10-26_02:14:22 1.882542559062717E8 1.3720410793772337E8 -1.3879834920971181E9
2038-11-05_19:27:20 1.7999200218987054E8 1.3388528123658942E8 -1.3898872751290052E9
2038-11-16_13:40:17 1.717351573564376E8 1.3055037512321907E8 -1.391732439396019E9
2038-11-27_07:53:15 1.6345771828402787E8 1.2720538634708561E8 -1.3935523884365497E9
2038-12-08_02:06:13 1.551736660475247E8 1.2387096126667297E8 -1.3952845051224492E9
2038-12-18_20:19:10 1.4686618189527422E8 1.2050726445120515E8 -1.3969625032859433E9
2038-12-29_14:32:08 1.3857300392451492E8 1.1716403118317652E8 -1.398607470947012E9
2039-01-09_08:45:05 1.3025443070609681E8 1.1379082861828889E8 -1.4001698360711722E9
2039-01-20_02:58:03 1.219534449550256E8 1.1042504742184834E8 -1.4017008634249983E9
2039-01-30_21:11:01 1.1363276662724008E8 1.0706162559169492E8 -1.4031458980238912E9
2039-02-10_15:23:58 1.0530737913281779E8 1.0367875630998383E8 -1.4045347102148118E9
2039-02-21_09:36:56 9.698681432367018E7 1.0029667543743391E8 -1.405893251539267E9
2039-03-04_03:49:53 8.86457391747126E7 9.691700388515723E7 -1.407165886044493E9
2039-03-14_22:02:51 8.031666425462475E7 9.35273797769333E7 -1.4084099944434059E9
2039-03-25_16:15:49 7.19773964183892E7 9.014351400699301E7 -1.409566494448094E9
2039-04-05_11:28:46 6.3632875828255735E7 8.674044981294014E7 -1.4106661452635837E9
2039-04-16_05:41:44 5.5262867033419706E7 8.332516999465652E7 -1.411739662271289E9
2039-04-26_23:54:41 4.690873815075956E7 7.992758683644696E7 -1.4127243596860428E9
2039-05-07_18:07:39 3.8565321094374396E7 7.652003080967034E7 -1.4136803926247866E9
2039-05-18_12:20:37 3.022159993685413E7 7.312166972660935E7 -1.4145486854139893E9
2039-05-29_06:33:34 2.1863337824543748E7 6.97007605371601E7 -1.4153602018679416E9
2039-06-09_00:46:32 1.3521109027874403E7 6.628550188422707E7 -1.416143629908431E9
2039-06-19_18:59:29 5166913.402563603 6.287615359066731E7 -1.4168398778624532E9
2039-06-30_13:12:27 -3185549.274549235 5.9450690552668124E7 -1.417479770517743E9
2039-07-11_07:25:25 -1.153903338727982E7 5.60366805760389E7 -1.4180903445656514E9
2039-07-22_01:38:22 -1.9898783030559503E7 5.260295704909853E7 -1.4186147290449958E9
2039-08-01_19:51:20 -2.82402827320758E7 4.9177142790979035E7 -1.419111310220681E9
2039-08-12_14:04:17 -3.659133071565033E7 4.575530302313164E7 -1.4195202681938782E9
2039-08-23_08:17:15 -4.493963337093153E7 4.2319358797077194E7 -1.419872238461894E9
2039-09-03_02:30:13 -5.3283982439254045E7 3.88841051551795E7 -1.4201981432260122E9
2039-09-13_20:43:10 -6.162497615429436E7 3.546008502284276E7 -1.420435590234243E9
2039-09-24_14:56:08 -6.997159166158049E7 3.201757585330642E7 -1.4206160306126575E9
2039-10-05_09:09:05 -7.830648696302834E7 2.8590943015085436E7 -1.4207695463598819E9
2039-10-16_03:22:03 -8.664643051443222E7 2.5146391434614547E7 -1.4208355497331595E9
2039-10-26_21:35:01 -9.497418506469378E7 2.1705914868456155E7 -1.420875457508752E9
2039-11-06_14:47:58 -1.0330383972743645E8 1.827401265380778E7 -1.4208285514316885E9
2039-11-17_09:00:56 -1.1159996880833714E8 1.484093772852991E7 -1.4207259912873006E9
2039-11-28_03:13:53 -1.1991262925024182E8 1.1399657203340152E7 -1.4205956949309206E9
2039-12-08_21:26:51 -1.2823130986641276E8 7963284.838229574 -1.420377397641742E9
2039-12-19_15:39:49 -1.365403513278152E8 4519898.353911072 -1.420133241110716E9
2039-12-30_09:52:46 -1.448478210157499E8 1083013.611599654 -1.4198016085388796E9
2040-01-10_04:05:44 -1.531416284612604E8 -2361256.5229098727 -1.4194150428883913E9
2040-01-20_22:18:41 -1.6143731320701295E8 -5807650.081729263 -1.4190009656508322E9
2040-01-31_16:31:39 -1.6971890746803024E8 -9239818.437089631 -1.4185007839784248E9
2040-02-11_10:44:37 -1.779997282143409E8 -1.268603386393899E7 -1.4179435024543138E9
2040-02-22_04:57:34 -1.862707924852551E8 -1.6118992474060038E7 -1.417360833772485E9
2040-03-03_23:10:32 -1.9453924846421844E8 -1.956495825417699E7 -1.4166909549454892E9
2040-03-14_17:23:29 -2.0279869136717635E8 -2.30067107103423E7 -1.4159964468943987E9
2040-03-25_12:36:27 -2.110429386843104E8 -2.6437186346040107E7 -1.4152156199738579E9
2040-04-05_06:49:25 -2.1931551994700813E8 -2.989245937033119E7 -1.4143728157723446E9
2040-04-16_01:02:22 -2.2754376156658423E8 -3.3329650896571837E7 -1.413510441775402E9
2040-04-26_19:15:20 -2.3577143893652174E8 -3.676096935727049E7 -1.4125602972458782E9
2040-05-07_13:28:17 -2.4398385596716642E8 -4.019505646787594E7 -1.4115863427232962E9
2040-05-18_07:41:15 -2.5219025201875952E8 -4.36225116219275E7 -1.4105253082491474E9
2040-05-29_01:54:13 -2.6037626278706616E8 -4.70527328369968E7 -1.409411454515832E9
2040-06-08_20:07:10 -2.6856674804154164E8 -5.048618017825421E7 -1.408269435408823E9
2040-06-19_14:20:08 -2.767432689061284E8 -5.3907345380117826E7 -1.4070422137410617E9
2040-06-30_08:33:05 -2.8489699246543187E8 -5.733121859182136E7 -1.405762030214998E9
2040-07-11_02:46:03 -2.930567612398737E8 -6.075068071659469E7 -1.4044543322044675E9
2040-07-21_20:59:01 -3.0118722736386913E8 -6.416958042025542E7 -1.403064536746366E9
2040-08-01_15:11:58 -3.0932326780225784E8 -6.759198398443024E7 -1.4016476648696952E9
2040-08-12_09:24:56 -3.1743551478620154E8 -7.099868700726336E7 -1.400147263826681E9
2040-08-23_03:37:53 -3.2553607630817443E8 -7.441223549523862E7 -1.3985916109410882E9
2040-09-02_21:50:51 -3.336267984309454E8 -7.782271129725039E7 -1.397012102098625E9
2040-09-13_16:03:49 -3.4170518328139234E8 -8.122426761160132E7 -1.3953470046481006E9
2040-09-24_10:16:46 -3.4977184179084134E8 -8.46279983966746E7 -1.3936582637649412E9
2040-10-05_04:29:44 -3.5782591625126475E8 -8.80242609960615E7 -1.3918848676742792E9
2040-10-15_22:42:41 -3.6585847048214686E8 -9.142109357302114E7 -1.3900585479061813E9
2040-10-26_16:55:39 -3.7388438975425786E8 -9.481622767249463E7 -1.3882069682758458E9
2040-11-06_10:08:37 -3.818961840660005E8 -9.820098676782292E7 -1.3862709467135093E9
2040-11-17_04:21:34 -3.8984729037574834E8 -1.015700428499787E8 -1.3842950229406478E9
2040-11-27_22:34:32 -3.9783462104316026E8 -1.0495607244931531E8 -1.3822813565593586E9
2040-12-08_16:47:29 -4.0578942050005025E8 -1.0832548039134641E8 -1.3801896404846475E9
2040-12-19_11:00:27 -4.137469753362638E8 -1.117022412292641E8 -1.3780686630781176E9
2040-12-30_05:13:25 -4.216748398071397E8 -1.1506560835150167E8 -1.3758679677753444E9
2041-01-09_23:26:22 -4.295839500309296E8 -1.184292017556015E8 -1.373614851582827E9
2041-01-20_17:39:20 -4.3748782502731204E8 -1.2179180258819853E8 -1.3713365324023926E9
2041-01-31_11:52:17 -4.4537440715930027E8 -1.2514386495191464E8 -1.368974375751841E9
2041-02-11_06:05:15 -4.532329193019709E8 -1.2849312165229826E8 -1.366564162694687E9
2041-02-22_00:18:13 -4.610863617720514E8 -1.3183633855953617E8 -1.3641282731516619E9
2041-03-04_18:31:10 -4.6890870881689566E8 -1.3517515049664688E8 -1.361612823644122E9
2041-03-15_12:44:08 -4.767270212447861E8 -1.3851339186650008E8 -1.3590717264594789E9
2041-03-26_06:57:05 -4.845244130894374E8 -1.4184037092710873E8 -1.3564479691885345E9
2041-04-06_02:10:03 -4.9228594427032834E8 -1.4516039747961563E8 -1.3537792014970903E9
2041-04-16_20:23:01 -5.000855594162191E8 -1.484937806015714E8 -1.3510688624661791E9
2041-04-27_14:35:58 -5.0780909530796283E8 -1.5180241296819264E8 -1.3482968319652448E9
2041-05-08_08:48:56 -5.1554009439209646E8 -1.5511405558166072E8 -1.3454941540949438E9
2041-05-19_03:01:53 -5.2323527151186424E8 -1.584117074829491E8 -1.34261543651782E9
2041-05-29_21:14:51 -5.3090496045588845E8 -1.617045807142097E8 -1.339688022680513E9
2041-06-09_15:27:49 -5.38577034430384E8 -1.649997670177148E8 -1.3367315327736852E9
2041-06-20_09:40:46 -5.462015480563234E8 -1.6827475509585464E8 -1.3337058535980165E9
2041-07-01_03:53:44 -5.538330232815344E8 -1.715559153094911E8 -1.3306478634249504E9
2041-07-11_22:06:41 -5.614263169294426E8 -1.7482279318229038E8 -1.327515144463312E9
2041-07-22_16:19:39 -5.689910978786969E8 -1.7808294608610046E8 -1.3243360112416668E9
2041-08-02_10:32:37 -5.765539177086552E8 -1.8134341003791574E8 -1.3211291647801774E9
2041-08-13_04:45:34 -5.840897640320234E8 -1.845920421139964E8 -1.3178428822769902E9
2041-08-23_22:58:32 -5.915820023619503E8 -1.8782833598834205E8 -1.3145175003739564E9
2041-09-03_17:11:29 -5.990856107214624E8 -1.9106837932539445E8 -1.3111594474292352E9
2041-09-14_11:24:27 -6.06534081347999E8 -1.9429071757811123E8 -1.3077347360334506E9
2041-09-25_05:37:25 -6.139922824677091E8 -1.9751705348153722E8 -1.3042763483410215E9
2041-10-05_23:50:22 -6.214149938833135E8 -2.0073153682013077E8 -1.3007429804429114E9
2041-10-16_18:03:20 -6.287930117199291E8 -2.0393077435896498E8 -1.2971727844232461E9
2041-10-27_11:16:17 -6.361814276351172E8 -2.071358298561077E8 -1.2935670393995512E9
2041-11-07_05:29:15 -6.435005494848095E8 -2.1031186845137492E8 -1.289907540575195E9
2041-11-17_23:42:13 -6.50812661822997E8 -2.1349015240288925E8 -1.2861887319180987E9
2041-11-28_17:55:10 -6.58123178054646E8 -2.1666805457442385E8 -1.2824420179798338E9
2041-12-09_12:08:08 -6.65386963331217E8 -2.1983031826024672E8 -1.2786268973897252E9
2041-12-20_06:21:05 -6.726492509594274E8 -2.229917612249912E8 -1.2747833739524508E9
2041-12-31_00:34:03 -6.79877691826229E8 -2.261433170293072E8 -1.2708642022938561E9
2042-01-10_18:47:01 -6.870593375284615E8 -2.2927742641728383E8 -1.266912762609544E9
2042-01-21_12:59:58 -6.942510775054839E8 -2.3241715051078376E8 -1.2629230067753649E9
2042-02-01_07:12:56 -7.013874018534608E8 -2.3553666796801287E8 -1.2588720071361299E9
2042-02-12_01:25:53 -7.085223215183429E8 -2.3865540431384206E8 -1.2547916790921705E9
2042-02-22_19:38:51 -7.156227514486423E8 -2.417647127909055E8 -1.2506366557924905E9
2042-03-05_13:51:49 -7.226731059541438E8 -2.4485432331209847E8 -1.246451500956765E9
2042-03-16_08:04:46 -7.297359637645466E8 -2.4795054946001416E8 -1.2422276104673555E9
2042-03-27_02:17:44 -7.367504548954389E8 -2.5102908366955554E8 -1.2379377004670186E9
2042-04-06_21:30:41 -7.437250066499205E8 -2.540932412572226E8 -1.2336107357807775E9
2042-04-17_15:43:39 -7.507259557974501E8 -2.5717134035697937E8 -1.2292334936162026E9
2042-04-28_09:56:37 -7.576449218634093E8 -2.6021632280200115E8 -1.2248164856108048E9
2042-05-09_04:09:34 -7.645649690823302E8 -2.6326295341380975E8 -1.2203663940038037E9
2042-05-19_22:22:32 -7.714464254917126E8 -2.6629688669711775E8 -1.2158462089708428E9
2042-05-30_16:35:29 -7.782804533133892E8 -2.693124129015054E8 -1.2112941379363265E9
2042-06-10_10:48:27 -7.85113768735809E8 -2.723309155313997E8 -1.2067108530731194E9
2042-06-21_05:01:25 -7.918906258358951E8 -2.7532648882055956E8 -1.202069809637124E9
2042-07-01_23:14:22 -7.986673503198054E8 -2.7832190240711033E8 -1.1973964523169153E9
2042-07-12_17:27:20 -8.05404552237969E8 -2.813077531075713E8 -1.1926523047223172E9
2042-07-23_11:40:17 -8.120876512789301E8 -2.842698474560925E8 -1.1878866694763525E9
2042-08-03_05:53:15 -8.187823120810212E8 -2.8723825008825696E8 -1.1830762940168977E9
2042-08-14_00:06:13 -8.254247936186546E8 -2.9018944677487713E8 -1.1782061057916377E9
2042-08-24_18:19:10 -8.320224515015398E8 -2.931217819879194E8 -1.1733053200034597E9
2042-09-04_12:32:08 -8.386195068794274E8 -2.9605851187887543E8 -1.1683709090311565E9
2042-09-15_06:45:05 -8.45155861067778E8 -2.989690944206663E8 -1.1633851134092617E9
2042-09-26_00:58:03 -8.516988706656317E8 -3.018836859946464E8 -1.158360768377313E9
2042-10-06_19:11:01 -8.581883471563458E8 -3.047814319246162E8 -1.1532771602614613E9
2042-10-17_13:23:58 -8.646311290297251E8 -3.0765861607421845E8 -1.1481651387568312E9
2042-10-28_06:36:56 -8.71074817865077E8 -3.105372452637487E8 -1.1430188433544884E9
2042-11-08_00:49:53 -8.774506425921919E8 -3.1339334411471856E8 -1.1378266887577965E9
2042-11-18_19:02:51 -8.837928463182806E8 -3.162339409797658E8 -1.1325959639611878E9
2042-11-29_13:15:49 -8.901458505660639E8 -3.190851220445037E8 -1.1273206815848532E9
2042-12-10_07:28:46 -8.964232796474245E8 -3.219024210633391E8 -1.1220091765023725E9
2042-12-21_01:41:44 -9.0271328639025E8 -3.2472635163315725E8 -1.1166497021022213E9
2042-12-31_19:54:41 -9.089468732861083E8 -3.275334779748838E8 -1.1112356730334384E9
2043-01-11_14:07:39 -9.1513167552962E8 -3.303175143486203E8 -1.1057984845162795E9
2043-01-22_08:20:37 -9.21322792375813E8 -3.331055744858525E8 -1.1003188646867073E9
2043-02-02_02:33:34 -9.27433617922864E8 -3.358679108426508E8 -1.0948089997529826E9
2043-02-12_20:46:32 -9.33558057810052E8 -3.386306692265059E8 -1.089248977237562E9
2043-02-23_14:59:29 -9.396250416085067E8 -3.413789821358147E8 -1.0836363875989861E9
2043-03-06_09:12:27 -9.456420958826743E8 -3.441019173982227E8 -1.0780034684896438E9
2043-03-17_03:25:25 -9.516598420311602E8 -3.468263435504189E8 -1.0723306794140632E9
2043-03-27_21:38:22 -9.576300804365593E8 -3.495391590740488E8 -1.0665959798438067E9
2043-04-07_16:51:20 -9.635389178526318E8 -3.522220929283988E8 -1.0608532463939981E9
2043-04-18_11:04:17 -9.694799938235198E8 -3.549269996371416E8 -1.0550351226198951E9
2043-04-29_05:17:15 -9.753245693559893E8 -3.5758662545804405E8 -1.0492122250060973E9
2043-05-09_23:30:13 -9.811692007460934E8 -3.602474939843596E8 -1.0433474514935745E9
2043-05-20_17:43:10 -9.86964823351249E8 -3.628969060762656E8 -1.0374227144528514E9
2043-05-31_11:56:08 -9.926986027216723E8 -3.655151859937413E8 -1.0314931932793423E9
2043-06-11_06:09:05 -9.984397613701692E8 -3.6814575281272316E8 -1.0255119897873306E9
2043-06-22_00:22:03 -1.004101553289443E9 -3.7073729343282026E8 -1.0195113244479614E9
2043-07-02_18:35:01 -1.0097739183840955E9 -3.733339071633138E8 -1.0134554037881461E9
2043-07-13_12:47:58 -1.0153857347583754E9 -3.759165046698996E8 -1.0073530265033668E9
2043-07-24_07:00:56 -1.0209442692166908E9 -3.7847004195961505E8 -1.0012372162927855E9
2043-07-24_07:00:57 -1.1021240723734138E9 -4.162487774399123E8 -9.035997930304364E8
