#time X Y Z
2014-07-31_06:15:31 -1.9593244947745803E8 -8.82480839094386E7 -5.9376561871370934E7
2014-08-02_02:02:45 -1.9649549410970488E8 -8.861123674197485E7 -5.554128067541368E7
2014-08-03_21:50:00 -1.969926831193949E8 -8.894230378204301E7 -5.16927610173553E7
2014-08-05_17:37:14 -1.9743774913969266E8 -8.925219430991943E7 -4.782492315434589E7
2014-08-07_13:24:28 -1.9781619378442627E8 -8.952964214853825E7 -4.394682007391323E7
2014-08-09_09:11:42 -1.981415720209235E8 -8.9785370764619E7 -4.005094134314002E7
2014-08-11_04:58:56 -1.983997134794138E8 -9.000837087745629E7 -3.614763955393504E7
2014-08-13_00:46:10 -1.986038817212141E8 -9.020911129908705E7 -3.222810788793418E7
2014-08-14_20:33:24 -1.9874027062726253E8 -9.037687640708432E7 -2.830420096811381E7
2014-08-16_16:20:38 -1.9882181412424335E8 -9.052185454054235E7 -2.43656419444748E7
2014-08-18_12:07:52 -1.988351567396217E8 -9.063366568152945E7 -2.0425813474365298E7
2014-08-20_07:55:06 -1.9879280179343104E8 -9.072216933591947E7 -1.64729395892801E7
2014-08-22_03:42:20 -1.9868195655092642E8 -9.077737444048664E7 -1.2521949414345164E7
2014-08-23_23:29:34 -1.9851458324068516E8 -9.0808758504742E7 -8559634.860597074
2014-08-25_19:16:48 -1.9827856645358524E8 -9.080677502159046E7 -4602349.758789557
2014-08-27_15:04:02 -1.9798522922384647E8 -9.078047202507827E7 -635524.3703110534
2014-08-29_10:51:16 -1.9762321043522218E8 -9.072078479168768E7 3323083.249185191
2014-08-31_06:38:30 -1.9720312010304147E8 -9.063629570579948E7 7289379.0794933345
2014-09-02_02:25:44 -1.967144417156302E8 -9.0518466359457E7 1.1244244995010424E7
2014-09-03_22:12:58 -1.9616698130257654E8 -9.037538648884133E7 1.520485358848223E7
2014-09-05_18:00:12 -1.9555118561280492E8 -9.019904776251024E7 1.9150756674549934E7
2014-09-07_13:47:26 -1.948759264416601E8 -8.999702494974698E7 2.3100530631811712E7
2014-09-09_09:34:40 -1.941326899696998E8 -8.976190366590941E7 2.7032362963563934E7
2014-09-11_05:21:54 -1.933294227831391E8 -8.950069800902726E7 3.0965915170199126E7
2014-09-13_01:09:08 -1.9245713079416287E8 -8.920594772144145E7 3.4888441719917186E7
2014-09-14_20:56:22 -1.9152733423322657E8 -8.888604938363072E7 3.8790276096662074E7
2014-09-16_16:43:37 -1.9052719128293833E8 -8.853205432507434E7 4.268836800436898E7
2014-09-18_12:30:51 -1.8946988500517184E8 -8.815289995260787E7 4.656304638290114E7
2014-09-20_08:18:05 -1.8834217959721708E8 -8.773964190889418E7 5.043122343411121E7
2014-09-22_04:05:19 -1.871577793791525E8 -8.730127322364017E7 5.427318150280661E7
2014-09-23_23:52:33 -1.859025129426722E8 -8.682986819196008E7 5.810597375532763E7
2014-09-25_19:39:47 -1.8459210690280467E8 -8.6331373483804E7 6.190976105552822E7
2014-09-27_15:27:01 -1.8321049446680513E8 -8.580090581078875E7 6.5701680275597036E7
2014-09-29_11:14:15 -1.817744119789313E8 -8.524360978247677E7 6.946176115796663E7
2014-10-01_07:01:29 -1.8026738642787027E8 -8.465433245130785E7 7.320729965853623E7
2014-10-03_02:48:43 -1.787021140012862E8 -8.403644860646814E7 7.691626887401246E7
2014-10-04_22:35:57 -1.7707506805008143E8 -8.339073410702187E7 8.061168599309342E7
2014-10-06_18:23:11 -1.7538698138486224E8 -8.271509086765848E7 8.426600408375646E7
2014-10-08_14:10:25 -1.736368246333001E8 -8.201132613818455E7 8.790406307340336E7
2014-10-10_09:57:39 -1.7182710861470267E8 -8.127831527039243E7 9.149814921888834E7
2014-10-12_05:44:53 -1.6995544463219598E8 -8.05170894063243E7 9.50733424492843E7
2014-10-14_01:32:07 -1.680257740293583E8 -7.972752622511108E7 9.860173031801137E7
2014-10-15_21:19:21 -1.6603445344981995E8 -7.890952855849798E7 1.0210856778647384E8
2014-10-17_17:06:35 -1.639869319036399E8 -7.806383495758456E7 1.055658937054561E8
2014-10-19_12:53:49 -1.61878036387534E8 -7.71898815256635E7 1.0899894984287353E8
2014-10-21_08:41:03 -1.597147758680427E8 -7.628910813494512E7 1.1237986505460852E8
2014-10-23_04:28:17 -1.5749062022053373E8 -7.536009056349432E7 1.1573377760932757E8
2014-10-25_00:15:31 -1.5521407558339676E8 -7.440519291514894E7 1.1903300008674446E8
2014-10-26_19:02:45 -1.52877201850383E8 -7.342216076968935E7 1.223024879344283E8
2014-10-28_14:49:59 -1.5054528955848587E8 -7.243757696403888E7 1.2544176047125839E8
2014-10-30_10:37:14 -1.48099700387261E8 -7.14022540204954E7 1.2862267033991505E8
2014-11-01_06:24:28 -1.4560599884958258E8 -7.034303667706868E7 1.3174419486972848E8
2014-11-03_02:11:42 -1.4305346168938226E8 -6.925606924186955E7 1.348304527634337E8
2014-11-04_21:58:56 -1.4045510843973145E8 -6.814627489796762E7 1.3785510470669147E8
2014-11-06_17:46:10 -1.3779884111725673E8 -6.7009005777623236E7 1.4084176267017567E8
2014-11-08_13:33:24 -1.350991504050387E8 -6.585002418832513E7 1.4376474834500644E8
2014-11-10_09:20:38 -1.3234261603068312E8 -6.466391177386274E7 1.4664700850878617E8
2014-11-12_05:07:52 -1.2954513823651741E8 -6.345724317268968E7 1.4946362151859996E8
2014-11-14_00:55:06 -1.2669201171648724E8 -6.222386191171532E7 1.5223681305511177E8
2014-11-15_20:42:20 -1.2380046687718451E8 -6.097107611959023E7 1.5494258063068432E8
2014-11-17_16:29:34 -1.2085466566724418E8 -5.969208570489204E7 1.5760218919840026E8
2014-11-19_12:16:48 -1.1787302030434424E8 -5.839490057188157E7 1.6019273871611482E8
2014-11-21_08:04:02 -1.14838613738424E8 -5.7072047064421624E7 1.6273447671017256E8
2014-11-23_03:51:16 -1.1177101839515354E8 -5.57322528291698E7 1.6520563457667217E8
2014-11-24_23:38:30 -1.086522686552808E8 -5.43673789568607E7 1.676254313721725E8
2014-11-26_19:25:44 -1.0549141172386709E8 -5.298181160717602E7 1.6998206312820348E8
2014-11-28_15:12:58 -1.0230378295728917E8 -5.1581631856295325E7 1.7226766702019557E8
2014-11-30_11:00:12 -9.906609266494088E7 -5.015742160428539E7 1.7449627607424754E8
2014-12-02_06:47:26 -9.58035494306597E7 -4.871933668190575E7 1.7665282044645056E8
2014-12-04_02:34:40 -9.249309111393827E7 -4.7258266966455735E7 1.7875037051996955E8
2014-12-05_22:21:54 -8.916040915237682E7 -4.578437454103335E7 1.8077443605821165E8
2014-12-07_18:09:08 -8.578228328786863E7 -4.428805717318679E7 1.8273763977398878E8
2014-12-09_13:56:22 -8.238405045174661E7 -4.278101581030818E7 1.8462609260693818E8
2014-12-11_09:43:36 -7.89430997295243E7 -4.125213185992809E7 1.8645186148445082E8
2014-12-13_05:30:51 -7.548462165356368E7 -3.971374983325319E7 1.882017733300596E8
2014-12-15_01:18:05 -7.198589505721793E7 -3.815454124209271E7 1.898873544833101E8
2014-12-16_21:05:19 -6.847240087016205E7 -3.6587150981809504E7 1.9149627794777158E8
2014-12-18_16:52:33 -6.492108389291817E7 -3.499992183504173E7 1.9303896545640773E8
2014-12-20_12:39:47 -6.135784909303395E7 -3.340587843910339E7 1.945045789079027E8
2014-12-22_08:27:01 -5.775921755781111E7 -3.1792987145723663E7 1.9590205851894012E8
2014-12-24_04:14:15 -5.415159165834421E7 -3.017468503220574E7 1.9722226168605024E8
2014-12-26_00:01:29 -5.051114640253814E7 -2.8538474249716267E7 1.9847255933786514E8
2014-12-27_19:48:43 -4.6864516180646084E7 -2.6898330898266245E7 1.9964555216605088E8
2014-12-29_15:35:57 -4.318766982314456E7 -2.524148072610815E7 2.0074697379611433E8
2014-12-31_11:23:11 -3.950751963855372E7 -2.358197502783867E7 2.0177121806867626E8
2015-01-02_07:10:25 -3.57998534652129E7 -2.1906890769522678E7 2.0272237131416416E8
2015-01-04_02:57:39 -3.2091708432984903E7 -2.0230501916047134E7 2.0359662515335172E8
2015-01-05_22:44:53 -2.8358746324337482E7 -1.8539708733168244E7 2.0439642199360836E8
2015-01-07_18:32:07 -2.462820466527078E7 -1.6848995084551673E7 2.0511971152461845E8
2015-01-09_14:19:21 -2.0875634282403156E7 -1.51450593017839E7 2.0576734114013705E8
2015-01-11_10:06:35 -1.712819415003333E7 -1.3442525722696647E7 2.063389964693977E8
2015-01-13_05:53:49 -1.3361631736695549E7 -1.1728008400569227E7 2.0683393145928574E8
2015-01-15_01:41:03 -9602855.626879644 -1.0016194902522983E7 2.0725358521667188E8
2015-01-16_21:28:17 -5827913.013154125 -8293663.067440972 2.0759558519032064E8
2015-01-18_17:15:31 -2063349.8406933015 -6575112.783035358 2.0786314240690577E8
2015-01-20_13:02:45 1714384.3844509937 -4847130.4986927025 2.080522663789998E8
2015-01-22_08:49:59 5479206.949263735 -3124382.757950441 2.0816792122920358E8
2015-01-24_04:37:13 9254180.515338734 -1393505.9001752296 2.0820451786750823E8
2015-01-26_00:24:28 1.3013794096553382E7 330918.91993252654 2.081687176811534E8
2015-01-27_20:11:42 1.6780520210888986E7 2062184.7021936553 2.0805341400272146E8
2015-01-29_15:58:56 2.0529535956861008E7 3785770.2660581307 2.0786689268232816E8
2015-01-31_11:46:10 2.4282518928683676E7 5514854.489645547 2.0760058285164693E8
2015-02-02_07:33:24 2.8015552994254097E7 7235127.126806148 2.0726437510142493E8
2015-02-04_03:20:38 3.174949284196926E7 8959566.791599326 2.068481888661946E8
2015-02-05_23:07:52 3.546127463832729E7 1.0674078413955174E7 2.0636352887071994E8
2015-02-07_18:55:06 3.917091069078169E7 1.2391424945556613E7 2.057989199970831E8
2015-02-09_14:42:20 4.286830883515866E7 1.410298076395952E7 2.051644317643225E8
2015-02-11_10:29:34 4.653679596422068E7 1.5805752592671938E7 2.0445584988625345E8
2015-02-13_06:16:48 5.0201973327024E7 1.7506448525791645E7 2.0367582985297018E8
2015-02-15_02:04:02 5.383625533517439E7 1.9197478296982184E7 2.028228393464643E8
2015-02-16_21:51:16 5.74638718994467E7 2.0886995206630036E7 2.018992321042644E8
2015-02-18_17:38:30 6.105982772665801E7 2.256214075120804E7 2.0090391232289308E8
2015-02-20_13:25:44 6.464578659389145E7 2.4236435381119832E7 1.998389283850728E8
2015-02-22_09:12:58 6.819787287092963E7 2.5895195716296256E7 1.9870365364691383E8
2015-02-24_05:00:12 7.173748843375978E7 2.7552027644698013E7 1.9749973413632843E8
2015-02-26_00:47:26 7.524109383795899E7 2.9192243515375875E7 1.9622703882009467E8
2015-02-27_20:34:40 7.872991716404498E7 3.0829491898090504E7 1.948871775760939E8
2015-03-01_16:21:54 8.218261545756003E7 3.2449846341771025E7 1.9348463243110254E8
2015-03-03_12:09:08 8.561390620762134E7 3.4064492151801415E7 1.92006153108467E8
2015-03-05_07:56:22 8.900954736188558E7 3.566221481240331E7 1.9047192927236822E8
2015-03-07_03:43:36 9.238098812540883E7 3.725297455933244E7 1.8886294354191983E8
2015-03-08_23:30:51 9.571531733679691E7 3.88262899286779E7 1.8720011252251795E8
2015-03-10_19:18:05 9.902282509888543E7 4.039120117525443E7 1.854638204789757E8
2015-03-12_15:05:19 1.0229202762625231E8 4.193775378353141E7 1.8367561616939306E8
2015-03-14_10:52:33 1.0553162642620075E8 4.3474903676242344E7 1.8181539437361488E8
2015-03-16_06:39:47 1.0873176981181674E8 4.499306906013729E7 1.7990519673233086E8
2015-03-18_02:27:01 1.1189967657000127E8 4.650061951037962E7 1.779245934867892E8
2015-03-19_22:14:15 1.1502714417178656E8 4.7988631712358184E7 1.758958825431953E8
2015-03-21_18:01:29 1.181198171071157E8 4.946486894557047E7 1.737984996371922E8
2015-03-23_13:48:43 1.2117107128911117E8 5.092100869474418E7 1.7165495358059323E8
2015-03-25_09:35:57 1.2418510998062415E8 5.236427119480614E7 1.6944456184956434E8
2015-03-27_05:23:11 1.2715683380220385E8 5.3786916363754705E7 1.6718992697012192E8
2015-03-29_01:10:25 1.3008899461639118E8 5.519561194615087E7 1.648703849279525E8
2015-03-30_21:57:39 1.3297806247575635E8 5.658322486286188E7 1.6250853590675747E8
2015-04-01_17:44:53 1.3588986982593992E8 5.7986991666082054E7 1.6002795091797432E8
2015-04-03_13:32:07 1.3869232193441996E8 5.93376820540155E7 1.575616741546779E8
2015-04-05_09:19:21 1.4145074846390262E8 6.0672372409747794E7 1.550346816896108E8
2015-04-07_05:06:35 1.4416475071093538E8 6.198515840957058E7 1.524692218427513E8
2015-04-09_00:53:49 1.4683267931627566E8 6.328099592387395E7 1.4984526645731142E8
2015-04-10_20:41:03 1.494556283802536E8 6.455457437290057E7 1.4718472423673052E8
2015-04-12_16:28:17 1.5203056034380904E8 6.581028637677938E7 1.4446799291924015E8
2015-04-14_12:15:31 1.5455997040760103E8 6.704341588280078E7 1.4171659855974647E8
2015-04-16_08:02:45 1.570396230611201E8 6.82578486558405E7 1.3891127899030048E8
2015-04-18_03:49:59 1.5947329729175988E8 6.94494044992964E7 1.3607317358825502E8
2015-04-19_23:37:13 1.6185545663452128E8 7.062142654863852E7 1.3318361688210104E8
2015-04-21_19:24:28 1.6419129502534178E8 7.177032895048685E7 1.3026305386077017E8
2015-04-23_15:11:42 1.6647401883372408E8 7.289893161684372E7 1.2729357056236511E8
2015-04-25_10:58:56 1.6871261871893317E8 7.400527660295407E7 1.2429078257532744E8
2015-04-27_06:46:10 1.70891188687464E8 7.508824920959592E7 1.2125043384550372E8
2015-04-29_02:33:24 1.7302827469432172E8 7.61500248704983E7 1.1817351983156839E8
2015-04-30_22:20:38 1.7510433021905166E8 7.718791787170793E7 1.150616752201468E8
2015-05-02_18:07:52 1.7713686483857533E8 7.820664011711769E7 1.1191556394661367E8
2015-05-04_13:55:06 1.7911002150667986E8 7.919614119469135E7 1.0873655717792542E8
2015-05-06_09:42:20 1.810377087022593E8 8.0168524094942E7 1.0552561508698522E8
2015-05-08_05:29:34 1.829054985782992E8 8.111141828898586E7 1.02283847147457E8
2015-05-10_01:16:48 1.8472710429798228E8 8.203680010916454E7 9.901239918504857E7
2015-05-11_21:04:02 1.864883989092065E8 8.293242801452409E7 9.571215757354148E7
2015-05-13_16:51:16 1.8820292189255825E8 8.381022949327728E7 9.238465982132114E7
2015-05-15_12:38:30 1.8986338219014466E8 8.466098609014696E7 8.903342005120715E7
2015-05-17_08:25:44 1.9146293952570614E8 8.548756139725466E7 8.565095146273625E7
2015-05-19_04:12:58 1.9301511532440647E8 8.62900064679955E7 8.224966159950763E7
2015-05-21_00:00:12 1.9450562519219297E8 8.70678582436311E7 7.88199795325206E7
2015-05-22_19:47:26 1.9594876945290497E8 8.782153372255757E7 7.537291981476755E7
2015-05-24_15:34:40 1.973296004295352E8 8.855022593893187E7 7.190035130200654E7
2015-05-26_11:21:54 1.9866310442362234E8 8.925473103715207E7 6.841178399045847E7
2015-05-28_07:09:08 1.9993375191245055E8 8.993396200545861E7 6.490058112269217E7
2015-05-30_02:56:22 2.0115715486068884E8 9.058895124631989E7 6.137475713267147E7
2015-05-31_22:43:36 2.0231724152003253E8 9.121844272602257E7 5.7829157186075486E7
2015-06-02_18:30:50 2.034301828148639E8 9.182366958931714E7 5.427026513946589E7
2015-06-04_14:18:05 2.0447950042653123E8 9.240318002717069E7 5.069447504577551E7
2015-06-06_10:05:19 2.0548176933293682E8 9.295843774053393E7 4.710663547866675E7
2015-06-08_05:52:33 2.064201847045558E8 9.348779168792742E7 4.350478278489087E7
2015-06-10_01:39:47 2.0731169621285966E8 9.399293193013759E7 3.98921946489594E7
2015-06-11_21:27:01 2.081392508214944E8 9.447203499819687E7 3.626838528548086E7
2015-06-13_17:14:15 2.0892002115419257E8 9.492695800577022E7 3.2635064331724852E7
2015-06-15_13:01:29 2.096368340579368E8 9.535575286533806E7 2.899336275307951E7
2015-06-17_08:48:43 2.1030699499722347E8 9.576041162078448E7 2.5343312730456386E7
2015-06-19_04:35:57 2.1091332248015562E8 9.613890615818383E7 2.168773052236845E7
2015-06-21_00:23:11 2.1147311812354425E8 9.649330812491044E7 1.8024939601493716E7
2015-06-22_20:10:25 2.1196930822875285E8 9.682155288825026E7 1.4359390348248689E7
2015-06-24_15:57:39 2.1241909309238636E8 9.712575681610733E7 1.0687761817028336E7
2015-06-26_11:44:53 2.1280560037024307E8 9.740383405954155E7 7016130.313352951
2015-06-28_07:32:07 2.13145822959731E8 9.765796601759115E7 3339483.9586597076
2015-06-30_03:19:21 2.1342319667651585E8 9.78860431803464E7 -334370.6824857034
2015-07-01_23:06:35 2.136544032476343E8 9.8090226098184E7 -4012205.0850286786
2015-07-03_18:53:49 2.1382330334536394E8 9.826850266004372E7 -7684568.5826669345
2015-07-05_14:41:03 2.1394636804446352E8 9.842303519245729E7 -1.1355046696749005E7
2015-07-07_10:28:17 2.140073673559312E8 9.855167272891818E7 -1.5026216765958805E7
2015-07-09_06:15:31 2.140229926149789E8 9.865678463611616E7 -1.8689957505496867E7
2015-07-11_02:02:45 2.1397685214310226E8 9.873603626920517E7 -2.2353692388149817E7
2015-07-12_21:49:59 2.1388589007644168E8 9.879201857752478E7 -2.60070656748447E7
2015-07-14_17:37:13 2.137335350045551E8 9.88222105103241E7 -2.9658976079162978E7
2015-07-16_13:24:27 2.13535966448155E8 9.883145629369375E7 -3.329846738891747E7
2015-07-18_09:11:42 2.1327930373328066E8 9.881087098900938E7 -3.693503544539281E7
2015-07-20_04:58:56 2.129771096820371E8 9.877163805956297E7 -4.055720011513598E7
2015-07-22_00:46:10 2.126161901774908E8 9.870276343167797E7 -4.417507841131888E7
2015-07-23_20:33:24 2.12210484153843E8 9.86154711882905E7 -4.777638588492571E7
2015-07-25_16:20:38 2.1174643666801244E8 9.849873217906882E7 -5.137212567366643E7
2015-07-27_12:07:52 2.112380810362064E8 9.83636831116778E7 -5.494929207621408E7
2015-07-29_07:55:06 2.1067832891386193E8 9.820244382816747E7 -5.852131907242293E7
2015-07-31_03:42:20 2.100628691875032E8 9.80174602218953E7 -6.206945810467759E7
2015-08-01_23:29:34 2.0940224318657708E8 9.780922319876586E7 -6.5612990717433825E7
2015-08-03_19:16:48 2.0868711153834692E8 9.75776685887983E7 -6.913043354557458E7
2015-08-05_15:04:02 2.0792703508893415E8 9.73227018179324E7 -7.264226567891106E7
2015-08-07_10:51:16 2.071136038230278E8 9.704511272060855E7 -7.612591070759661E7
2015-08-09_06:38:30 2.0625522170648435E8 9.674445913119453E7 -7.96029602266061E7
2015-08-11_02:25:44 2.0534491589615685E8 9.642140938533781E7 -8.304975381531477E7
2015-08-12_22:12:58 2.0438975461732227E8 9.607540869653182E7 -8.648895730805853E7
2015-08-14_18:00:12 2.0338404453631592E8 9.570747196280734E7 -8.989601055440839E7
2015-08-16_13:47:26 2.0233363372233784E8 9.531673110254793E7 -9.329431916396116E7
2015-08-18_09:34:40 2.01234080175419E8 9.490455828151156E7 -9.66586456754727E7
2015-08-20_05:21:54 2.0008992843328652E8 9.446969148989503E7 -1.0001322888250296E8
2015-08-22_01:09:08 1.9889812822911376E8 9.401393726614198E7 -1.0333201658617866E8
2015-08-23_20:56:22 1.9766182436242297E8 9.353559741497649E7 -1.0664001845439756E8
2015-08-25_16:43:36 1.9637941539650667E8 9.303693655821188E7 -1.0991048989713877E8
2015-08-27_12:30:50 1.9505261416205955E8 9.251580939742544E7 -1.1316915044458283E8
2015-08-29_08:18:04 1.936812889168232E8 9.197494309980252E7 -1.1638860513366102E8
2015-08-31_04:05:19 1.9226567240763038E8 9.141172892846072E7 -1.1959521794378005E8
2015-09-01_23:52:33 1.9080716045820737E8 9.082937740414818E7 -1.2276104345642616E8
2015-09-03_19:39:47 1.8930447872472876E8 9.02248083910074E7 -1.259129639714053E8
2015-09-05_15:27:01 1.8776056525381678E8 8.960171911834206E7 -1.2902256075083177E8
2015-09-07_11:14:15 1.8617262518325335E8 8.895655512200443E7 -1.3211718882696015E8
2015-09-09_07:01:29 1.8454510821787223E8 8.829351575948152E7 -1.351680999846211E8
2015-09-11_02:48:43 1.828737303258006E8 8.760849158638024E7 -1.382029668095675E8
2015-09-12_22:35:57 1.8116449884406662E8 8.690627027956289E7 -1.4119271764590582E8
2015-09-14_18:23:11 1.7941157786358312E8 8.618222484904623E7 -1.4416535364907843E8
2015-09-16_14:10:25 1.7762249276640126E8 8.544160905407463E7 -1.4709160841184318E8
2015-09-18_09:57:39 1.757980734876161E8 8.468288012630723E7 -1.4998808918920776E8
2015-09-20_05:44:53 1.73922707622759E8 8.39010633437339E7 -1.528604238927578E8
2015-09-22_01:32:07 1.7202106839577645E8 8.310516288617443E7 -1.5568997707580745E8
2015-09-23_21:19:21 1.700694907674805E8 8.228650362492576E7 -1.584939912990289E8
2015-09-25_17:06:35 1.6809266027917525E8 8.145429551475613E7 -1.6125436335326663E8
2015-09-27_12:53:49 1.6606666485804805E8 8.05995617961063E7 -1.639881519307007E8
2015-09-29_08:41:03 1.6401638844738147E8 7.973247888683398E7 -1.666771934861504E8
2015-10-01_04:28:17 1.6191827939708814E8 7.884197971913126E7 -1.693386227460076E8
2015-10-03_00:15:31 1.597969089017079E8 7.79402749676214E7 -1.719542467877783E8
2015-10-04_20:02:45 1.5762849209506273E8 7.701555042261116E7 -1.7454121976170146E8
2015-10-06_15:49:59 1.5543811269443667E8 7.608009452395104E7 -1.770814094242751E8
2015-10-08_11:37:13 1.5320333601708844E8 7.51229906325346E7 -1.7959409012657055E8
2015-10-10_07:24:27 1.5094405463485292E8 7.415371362901913E7 -1.8205447892077968E8
2015-10-12_03:11:42 1.486431530658871E8 7.316422955085203E7 -1.8448883786160123E8
2015-10-13_22:58:56 1.4631933886817038E8 7.216315141572341E7 -1.8687004990900522E8
2015-10-15_18:46:10 1.439543250436479E8 7.114215325221373E7 -1.892239474783133E8
2015-10-17_14:33:24 1.4156817954522023E8 7.01102293016953E7 -1.9152412242579097E8
2015-10-19_10:20:38 1.391413009551956E8 6.905859566249605E7 -1.9379572007291442E8
2015-10-21_06:07:52 1.3669500955553767E8 6.799679648845728E7 -1.960130950361429E8
2015-10-23_01:55:06 1.3420841759005511E8 6.6915682403127E7 -1.9820060805286068E8
2015-10-24_21:42:20 1.3170421182330638E8 6.582497201870448E7 -2.0033347392267898E8
2015-10-26_16:29:34 1.2916019266897032E8 6.471528163524828E7 -2.024351950138673E8
2015-10-28_12:16:48 1.2665920811532322E8 6.3622383657570735E7 -2.044355217675907E8
2015-10-30_08:04:02 1.2406065222352414E8 6.248540791717124E7 -2.0645081631994107E8
2015-11-01_03:51:16 1.2144805081893632E8 6.134016674514959E7 -2.0841076367754173E8
2015-11-02_23:38:30 1.1879667652816029E8 6.017662269851588E7 -2.103369982635027E8
2015-11-04_19:25:44 1.1613297811828318E8 5.900547006461875E7 -2.1220766446713668E8
2015-11-06_15:12:58 1.1343113806824456E8 5.781639570145374E7 -2.1404331863203642E8
2015-11-08_11:00:12 1.1071865836960842E8 5.662035391755867E7 -2.158232367513602E8
2015-11-10_06:47:26 1.0796871366893892E8 5.5406791019845605E7 -2.1756683915843606E8
2015-11-12_02:34:40 1.0520982648415676E8 5.4186911127887614E7 -2.1925459381932577E8
2015-11-13_22:21:54 1.024141805441973E8 5.294992303362699E7 -2.2090470677284113E8
2015-11-15_18:09:08 9.961123377193776E7 5.1707245668277055E7 -2.2249894088163978E8
2015-11-17_13:56:22 9.677234136108404E7 5.0447920974980175E7 -2.2405421306867245E8
2015-11-19_09:43:36 9.3927735473811E7 4.9183504983143054E7 -2.255536236533454E8
2015-11-21_05:30:50 9.10480863635309E7 4.7902955229851395E7 -2.2701273417360672E8
2015-11-23_01:18:04 8.816418302913426E7 4.6617857029121116E7 -2.284161113247937E8
2015-11-24_21:05:19 8.524619834680326E7 4.5317156288369074E7 -2.2977785335268077E8
2015-11-26_16:52:33 8.232547573799737E7 4.401247753636364E7 -2.3108398886814788E8
2015-11-28_12:39:47 7.937165224343185E7 4.269273866049179E7 -2.323471855643176E8
2015-11-30_08:27:01 7.641663895632967E7 4.136960388581381E7 -2.335549332517307E8
2015-12-02_04:14:15 7.344394758728747E7 4.003822107603038E7 -2.3471288105669355E8
2015-12-04_00:01:29 7.04417403042576E7 3.869107644046853E7 -2.3582711118018985E8
2015-12-05_19:48:43 6.743927291532469E7 3.734334867497038E7 -2.3688447305416578E8
2015-12-07_15:35:57 6.440766482435188E7 3.5979944347728655E7 -2.3789775597289538E8
2015-12-09_11:23:11 6.1377037738620214E7 3.461660918944626E7 -2.3885392163933972E8
2015-12-11_07:10:25 5.8318587259735264E7 3.3238093655705187E7 -2.3976530452379712E8
2015-12-13_02:57:39 5.5262943130658045E7 3.185900469095355E7 -2.4061938289546174E8
2015-12-14_22:44:53 5.217973965126505E7 3.0467871417460755E7 -2.414279109963599E8
2015-12-16_18:32:07 4.9101051208100125E7 2.9075372904451422E7 -2.4217902592736095E8
2015-12-18_14:19:21 4.5996153895879984E7 2.767154393334071E7 -2.4288392853517023E8
2015-12-20_10:06:35 4.289714645294626E7 2.6266867485694878E7 -2.435314288261712E8
2015-12-22_05:53:49 3.9772827373268105E7 2.4851303291409448E7 -2.4412979570082542E8
2015-12-24_01:41:03 3.665639400749144E7 2.3435807027079932E7 -2.446747465950737E8
2015-12-25_21:28:17 3.351570278210008E7 2.200993594881047E7 -2.4516774023719415E8
2015-12-27_17:15:31 3.0384129796056177E7 2.0584605888138503E7 -2.456077593460051E8
2015-12-29_13:02:45 2.722973265168275E7 1.9149635440560035E7 -2.4599473039025015E8
2015-12-31_08:49:59 2.4085597167097524E7 1.771589911441509E7 -2.4632919037914148E8
2016-01-02_04:37:13 2.0920217534518868E7 1.6273058619136635E7 -2.4660957232312465E8
2016-01-04_00:24:27 1.776637067451927E7 1.4831691816707427E7 -2.4683793159459665E8
2016-01-05_20:11:41 1.4592713136384027E7 1.3382204294644915E7 -2.4701120996762258E8
2016-01-07_15:58:56 1.1431770390943695E7 1.1934650909940742E7 -2.4713297204668623E8
2016-01-09_11:46:10 8252578.333652318 1.0479727474218436E7 -2.4719870637225473E8
2016-01-11_07:33:24 5087229.505497309 9027244.499279078 -2.4721345119041848E8
2016-01-13_03:20:38 1905306.4315244528 7568190.936804502 -2.4717126661590868E8
2016-01-14_23:07:52 -1261713.256725128 6111991.34371788 -2.4707860445255297E8
2016-01-16_18:55:06 -4443607.599408431 4650064.371060947 -2.4692822086145857E8
2016-01-18_14:42:20 -7609546.818250594 3191405.130836666 -2.4672789106498283E8
2016-01-20_10:29:34 -1.0788607970892863E7 1727881.1276844589 -2.4646904704189664E8
2016-01-22_06:16:48 -1.395069262386142E7 268029.8035020624 -2.461608174377902E8
2016-01-24_02:04:02 -1.712408532202287E7 -1195797.3051763363 -2.4579335766901812E8
2016-01-25_21:51:16 -2.0279540996525805E7 -2655570.050150348 -2.4537708399566078E8
2016-01-27_17:38:30 -2.3444424448887497E7 -4118402.5247645485 -2.4490091133450982E8
2016-01-29_13:25:44 -2.659045231502808E7 -5576813.050072388 -2.4437650293399796E8
2016-01-31_09:12:58 -2.974398239649421E7 -7037348.273565975 -2.4379159429754952E8
2016-02-02_05:00:12 -3.287771104390451E7 -8493104.550609298 -2.4315904568700355E8
2016-02-04_00:47:26 -3.601707243635619E7 -9950025.571367653 -2.4246546861859024E8
2016-02-05_20:34:40 -3.91356616368727E7 -1.140179360894861E7 -2.4172483836991203E8
2016-02-07_16:21:54 -4.225792835085418E7 -1.2853787216329427E7 -2.409226980561335E8
2016-02-09_12:09:08 -4.5358530829612575E7 -1.430025471226614E7 -2.4007414888209423E8
2016-02-11_07:56:22 -4.846080792265601E7 -1.5745988374653893E7 -2.3916369295839232E8
2016-02-13_03:43:36 -5.154055659634144E7 -1.7185835158590935E7 -2.3820741334818035E8
2016-02-14_23:30:50 -5.4608761440565296E7 -1.861912137565448E7 -2.3719187914476496E8
2016-02-16_19:18:04 -5.767591140924753E7 -2.0055841354958616E7 -2.3612521749902835E8
2016-02-18_15:05:18 -6.071871668014805E7 -2.1480362822598685E7 -2.3500227734335193E8
2016-02-20_10:52:33 -6.3758740786183715E7 -2.2907571891601387E7 -2.3382832625761655E8
2016-02-22_06:39:47 -6.677222880016911E7 -2.4324480600186177E7 -2.3259844153600323E8
2016-02-24_02:27:01 -6.978326389757957E7 -2.5738349488461323E7 -2.3131762006438187E8
2016-02-25_22:14:15 -7.276550289605221E7 -2.7143834843328718E7 -2.2998127384534928E8
2016-02-27_18:01:29 -7.574363290027374E7 -2.8545462360953655E7 -2.2859419100576085E8
2016-02-29_13:48:43 -7.869162951571177E7 -2.9938123877423745E7 -2.271519957605285E8
2016-03-02_09:35:57 -8.16338345614576E7 -3.132612114791037E7 -2.256593194124338E8
2016-03-04_05:23:11 -8.454483181453373E7 -3.2704663326200854E7 -2.2411227254139948E8
2016-03-06_01:10:25 -8.744574126612845E7 -3.407671682831663E7 -2.225086288737746E8
2016-03-07_20:57:39 -9.031894536422741E7 -3.5440603850105636E7 -2.2086295639965242E8
2016-03-09_16:44:53 -9.317776719932772E7 -3.679616566490926E7 -2.1915525466822767E8
2016-03-11_12:32:07 -9.60081369752955E7 -3.814321517497948E7 -2.1740609874986368E8
2016-03-13_08:19:21 -9.882198375274593E7 -3.948072245873087E7 -2.1559528254293516E8
2016-03-15_04:06:35 -1.0160652619827375E8 -4.080954170109554E7 -2.1374360425449252E8
2016-03-16_23:53:49 -1.0437230097339043E8 -4.212798597210216E7 -2.1183070010833767E8
2016-03-18_19:41:03 -1.0710809304566818E8 -4.343719629525952E7 -2.0987750146666864E8
2016-03-20_15:28:17 -1.0982283424791168E8 -4.4734957346772164E7 -2.0786368686992982E8
2016-03-22_11:15:31 -1.1250694084523384E8 -4.6023191472966425E7 -2.0581008686455166E8
2016-03-24_07:02:45 -1.151676170929064E8 -4.7298858944303006E7 -2.0369664180518645E8
2016-03-26_02:49:59 -1.177970085406643E8 -4.856468271805352E7 -2.0154391363921678E8
2016-03-27_23:37:13 -1.204007293154831E8 -4.981689526955979E7 -1.9933210901316315E8
2016-03-29_19:24:27 -1.2303075734226617E8 -5.108708535986759E7 -1.9702954017996472E8
2016-03-31_15:11:41 -1.2557384918452911E8 -5.2314151076671995E7 -1.9471973382046598E8
2016-04-02_10:58:55 -1.2808415566400236E8 -5.3530638555440076E7 -1.9237183069047084E8
2016-04-04_06:46:10 -1.3056432246823762E8 -5.47314352570975E7 -1.8996670231052518E8
2016-04-06_02:33:24 -1.3301097346481963E8 -5.592128771799881E7 -1.8752402751406744E8
2016-04-07_22:20:38 -1.35425272524823E8 -5.7094422988152735E7 -1.8502523622654197E8
2016-04-09_18:07:52 -1.3780528345446312E8 -5.825622472709984E7 -1.8248949632641965E8
2016-04-11_13:55:06 -1.401507736069217E8 -5.9400304215981476E7 -1.7989882130714434E8
2016-04-13_09:42:20 -1.4246122484195712E8 -6.0532665588883415E7 -1.7727176744506207E8
2016-04-15_05:29:34 -1.4473499629525802E8 -6.164630617119427E7 -1.7459107782895198E8
2016-04-17_01:16:48 -1.4697295943111435E8 -6.2747802616185725E7 -1.7187462981383136E8
2016-04-18_21:04:02 -1.4917214516731814E8 -6.382966663880654E7 -1.6910589854820982E8
2016-04-20_16:51:16 -1.5133465858608997E8 -6.489891171553143E7 -1.6630210500965485E8
2016-04-22_12:38:30 -1.534563527423959E8 -6.594758085205181E7 -1.634474863748633E8
2016-04-24_08:25:44 -1.5554058406445372E8 -6.6983214955617175E7 -1.6055842316475695E8
2016-04-26_04:12:58 -1.5758195910094848E8 -6.7997335822319E7 -1.576201698597532E8
2016-04-28_00:00:12 -1.5958502268478626E8 -6.899797242835201E7 -1.5464809851787257E8
2016-04-29_19:47:26 -1.6154151712379974E8 -6.997543572531849E7 -1.516307391862859E8
2016-05-01_15:34:40 -1.63461765075926E8 -7.094022452402127E7 -1.4857659934218347E8
2016-05-03_11:21:54 -1.653332769756729E8 -7.188085038989565E7 -1.454793141331986E8
2016-05-05_07:09:08 -1.6716639381753227E8 -7.280778106900832E7 -1.423474543897123E8
2016-05-07_02:56:22 -1.6894847627625978E8 -7.371250136500849E7 -1.391735412503355E8
2016-05-08_22:43:36 -1.706928208788862E8 -7.459772267462148E7 -1.359666076412429E8
2016-05-10_18:30:50 -1.7238388084926704E8 -7.54626449869949E7 -1.3271877089798939E8
2016-05-12_14:18:04 -1.7403565679553097E8 -7.63074296570423E7 -1.2943955407632133E8
2016-05-14_10:05:18 -1.756330006755065E8 -7.713127052065748E7 -1.2612064066854605E8
2016-05-16_05:52:33 -1.771895857854974E8 -7.793430873505291E7 -1.2277204507706848E8
2016-05-18_01:39:47 -1.7869057474473837E8 -7.871577636895391E7 -1.1938497028305338E8
2016-05-19_21:27:01 -1.801430019098561E8 -7.94729860210912E7 -1.1596593090315683E8
2016-05-21_17:14:15 -1.815514847049723E8 -8.021364892469348E7 -1.1251797384418076E8
2016-05-23_13:01:29 -1.829035263659772E8 -8.092655755274546E7 -1.090360200894225E8
2016-05-25_08:48:43 -1.8421070878371668E8 -8.16224124989299E7 -1.0552603730684663E8
2016-05-27_04:35:57 -1.8545987797291225E8 -8.228993953235187E7 -1.019844597332506E8
2016-05-29_00:23:11 -1.8666331886389992E8 -8.29397828655673E7 -9.841581587027776E7
2016-05-30_20:10:25 -1.8780735941243464E8 -8.356051200134668E7 -9.481808099121846E7
2016-06-01_15:57:39 -1.8890468652832663E8 -8.416315246965884E7 -9.119424992314905E7
2016-06-03_11:44:53 -1.8994128206381825E8 -8.473604778297134E7 -8.754390412821615E7
2016-06-05_07:32:07 -1.9093020987342513E8 -8.529035671211539E7 -8.386852035907528E7
2016-06-07_03:19:21 -1.9185714910247567E8 -8.58143264343138E7 -8.016928553219455E7
2016-06-07_03:19:22 -1.9593244947745803E8 -8.82480839094386E7 -5.9376561871370934E7
