#time X Y Z
2014-08-29_05:38:51 6.668545561936264E8 2.5089439938595432E8 2.9087903692653637E9
2014-09-29_00:49:25 6.822466501435347E8 2.5769583756932396E8 2.9042667688674893E9
2014-10-29_18:59:58 6.975255367662379E8 2.6445830940034547E8 2.899643863976767E9
2014-11-29_14:10:32 7.128441591036559E8 2.712298316196361E8 2.8949240289169827E9
2014-12-30_09:21:05 7.280692857836343E8 2.7797144726677054E8 2.8901199859000587E9
2015-01-30_04:31:39 7.433583617118111E8 2.8473292417775536E8 2.885168737646769E9
2015-03-01_23:42:13 7.5861642828662E8 2.9149162998081934E8 2.880139129049284E9
2015-04-01_19:52:46 7.737596725008693E8 2.981923928328711E8 2.8750135169702616E9
2015-05-02_15:03:20 7.889906748087461E8 3.049418362716744E8 2.8697721198555512E9
2015-06-02_10:13:53 8.040772515443492E8 3.1162064147621685E8 2.86444600402244E9
2015-07-03_05:24:27 8.19223986290627E8 3.183270713704121E8 2.8590145363280263E9
2015-08-03_00:35:01 8.342561274102521E8 3.24994655799896E8 2.853486624570289E9
2015-09-02_19:45:34 8.493428998525596E8 3.316768985775365E8 2.8478540584078608E9
2015-10-03_14:56:08 8.643144300706668E8 3.383205253352029E8 2.84215234473421E9
2015-11-03_09:06:41 8.793400398287829E8 3.44978997881766E8 2.836296420972066E9
2015-12-04_04:17:15 8.943080881497495E8 3.516237583074416E8 2.830374613436489E9
2016-01-03_23:27:49 9.091814670296572E8 3.5821853463684714E8 2.8243512523342786E9
2016-02-03_18:38:22 9.241141156552013E8 3.648504891825593E8 2.8182204667957716E9
2016-03-05_13:48:56 9.389227559808236E8 3.7141973792005384E8 2.8120008007893114E9
2016-04-05_09:59:29 9.537838672880672E8 3.78013317910773E8 2.8056762673281384E9
2016-05-06_05:10:03 9.685505053017411E8 3.845774288544462E8 2.7992488025314355E9
2016-06-06_00:20:37 9.833433094342891E8 3.9114306397217155E8 2.792725650704241E9
2016-07-06_19:31:10 9.98019975363141E8 3.976703700121374E8 2.7861388322414317E9
2016-08-06_14:41:44 1.0127406697591136E9 4.0420740537810415E8 2.7793940051503453E9
2016-09-06_09:52:17 1.0274230672371886E9 4.10739759182884E8 2.772579608221362E9
2016-10-07_05:02:51 1.0419871762377933E9 4.1721105510218906E8 2.765675052522433E9
2016-11-06_23:13:25 1.0566035024146578E9 4.2371714022846556E8 2.758662946183744E9
2016-12-07_18:23:58 1.0710728924215035E9 4.301506725838179E8 2.7515748027732515E9
2017-01-07_13:34:32 1.0856102137534947E9 4.36613620368278E8 2.744372091248415E9
2017-02-07_08:45:05 1.100028042888127E9 4.430376886577315E8 2.737077825092549E9
2017-03-10_03:55:39 1.1144872109909587E9 4.4946906263967806E8 2.7296800247568293E9
2017-04-10_00:06:13 1.128829674325414E9 4.558625738322577E8 2.7222238482588854E9
2017-05-10_19:16:46 1.1432276379902816E9 4.6227001256085336E8 2.714595525540917E9
2017-06-10_14:27:20 1.1575626161929245E9 4.6866252272789884E8 2.706912797380913E9
2017-07-11_09:37:53 1.1717779651915877E9 4.749930154241174E8 2.6991425300673466E9
2017-08-11_04:48:27 1.1860385996554234E9 4.813557543736815E8 2.691264785215941E9
2017-09-10_23:59:01 1.200172629505924E9 4.8765327828315896E8 2.6833048623418255E9
2017-10-11_19:09:34 1.2143464023801124E9 4.9396948949455094E8 2.675240581243516E9
2017-11-11_13:20:08 1.2283962846131113E9 5.0024476610992324E8 2.6670861930166216E9
2017-12-12_08:30:41 1.242462496313852E9 5.065157577098875E8 2.658844095306317E9
2018-01-12_03:41:15 1.256433309058015E9 5.127587450747954E8 2.650534753057261E9
2018-02-11_22:51:49 1.2704257987860003E9 5.1900027560951245E8 2.6420615949365716E9
2018-03-14_18:02:22 1.2843751107900593E9 5.2523607875135094E8 2.6335269053966246E9
2018-04-14_14:12:56 1.2982032746772683E9 5.3140857338710994E8 2.624907227156627E9
2018-05-15_09:23:29 1.3120894623555348E9 5.376194004401724E8 2.616168896898657E9
2018-06-15_04:34:03 1.3258257737630005E9 5.437550112272215E8 2.6073639005658145E9
2018-07-15_23:44:37 1.339595846821561E9 5.49905119013756E8 2.5984558287902384E9
2018-08-15_18:55:10 1.3532398749353664E9 5.560146912124926E8 2.589461042766509E9
2018-09-15_14:05:44 1.3669148643774393E9 5.621256579422009E8 2.5803681896483507E9
2018-10-16_09:16:17 1.380474901777388E9 5.682007281129518E8 2.5712231049172297E9
2018-11-16_03:26:51 1.3940378318473816E9 5.742655187648212E8 2.5619170095512047E9
2018-12-16_22:37:25 1.4075483707934222E9 5.803211753169348E8 2.5525558772545404E9
2019-01-16_17:47:58 1.420949991257794E9 5.86318200988483E8 2.543106067311021E9
2019-02-16_12:58:32 1.4343800249176636E9 5.923281155725776E8 2.533553882690723E9
2019-03-19_08:09:05 1.447682481764248E9 5.982980401120878E8 2.5239183459929E9
2019-04-19_04:19:39 1.461008976608822E9 6.042651527185099E8 2.5141837623668404E9
2019-05-19_23:30:13 1.474240311366466E9 6.102052459842238E8 2.5043880823309584E9
2019-06-19_18:40:46 1.4874531561433208E9 6.161254049130207E8 2.494440078832397E9
2019-07-20_13:51:20 1.5005619518303633E9 6.220145683976837E8 2.484477758637012E9
2019-08-20_09:01:53 1.5136620148895617E9 6.278876967478908E8 2.474354481803096E9
2019-09-20_04:12:27 1.5267283554850843E9 6.337604762885695E8 2.464166765117234E9
2019-10-20_23:23:01 1.5396626917777245E9 6.395639406617702E8 2.4539053157714477E9
2019-11-20_17:33:34 1.5526195090148754E9 6.453776639098197E8 2.443543645032387E9
2019-12-21_12:44:08 1.5654280592935195E9 6.511429237574639E8 2.433115020730905E9
2020-01-21_07:54:41 1.5782724175589156E9 6.56909893963262E8 2.4225755271627703E9
2020-02-21_03:05:15 1.5910027607222247E9 6.626421867017764E8 2.411991016454792E9
2020-03-22_22:15:49 1.603722586858783E9 6.683574090608555E8 2.4012406429810767E9
2020-04-22_18:26:22 1.6163402570628452E9 6.740429274361742E8 2.3904807975058393E9
2020-05-23_13:36:56 1.6289560401191308E9 6.797148207858334E8 2.379546668801848E9
2020-06-23_08:47:29 1.6415162200129695E9 6.853773660710982E8 2.3685645475458198E9
2020-07-24_03:58:03 1.6539461805438569E9 6.9097077081187E8 2.3575126906096897E9
2020-08-23_23:08:37 1.6663884172562723E9 6.965699653918958E8 2.346364008677894E9
2020-09-23_18:19:10 1.6786997099079726E9 7.021286720925593E8 2.335133149942225E9
2020-10-24_13:29:44 1.6910225048877933E9 7.076780036588117E8 2.323811791376186E9
2020-11-24_07:40:17 1.703230864870668E9 7.131929346558646E8 2.3124464890914626E9
2020-12-25_02:50:51 1.7153985287005727E9 7.186771689103682E8 2.3009327140306606E9
2021-01-24_22:01:25 1.727531863491064E9 7.241614111195102E8 2.2893557576664925E9
2021-02-24_17:11:58 1.739538942870001E9 7.29577815462866E8 2.2777051212162485E9
2021-03-27_12:22:32 1.7515531796232295E9 7.350124052799939E8 2.26595241495543E9
2021-04-27_08:33:05 1.7634363881192594E9 7.40376956786766E8 2.254132303031806E9
2021-05-28_03:43:39 1.7753408963195724E9 7.457519286207901E8 2.2422016941807537E9
2021-06-27_22:54:13 1.7870946441334085E9 7.510767528818041E8 2.2302082206462603E9
2021-07-28_18:04:46 1.798852815307345E9 7.563893722783796E8 2.218127787282037E9
2021-08-28_13:15:20 1.8104981587325933E9 7.616686692980962E8 2.2060055445405946E9
2021-09-28_08:25:53 1.8221069334574454E9 7.669185458584805E8 2.1937233566881123E9
2021-10-29_03:36:27 1.8336204452629538E9 7.721424168659645E8 2.1814377653904095E9
2021-11-28_21:47:01 1.8450895364077594E9 7.773334431181879E8 2.1689977656609645E9
2021-12-29_16:57:34 1.856498809547197E9 7.825140046213163E8 2.15651755372037E9
2022-01-29_12:08:08 1.8677927337817729E9 7.876308374869397E8 2.143954822877716E9
2022-03-01_07:18:41 1.8790828846554143E9 7.927471599637713E8 2.1313019248808708E9
2022-04-01_03:29:15 1.8902366779609654E9 7.978199114237087E8 2.118573165341834E9
2022-05-01_22:39:49 1.9014046146609552E9 8.028842386294489E8 2.105743607754831E9
2022-06-01_17:50:22 1.9124436787136602E9 8.079085901841056E8 2.0928924140974479E9
2022-07-02_13:00:56 1.9234335446909747E9 8.128975618936018E8 2.079885135230446E9
2022-08-02_08:11:29 1.9343677451098068E9 8.178781976427392E8 2.0668364234693975E9
2022-09-02_03:22:03 1.9451720292610478E9 8.227883773919766E8 2.0537193566166537E9
2022-10-02_22:32:37 1.9559633917919204E9 8.277087403787626E8 2.0405119343057275E9
2022-11-02_16:43:10 1.9666285662977931E9 8.325602056888759E8 2.0272335222130861E9
2022-12-03_11:53:44 1.9772614106266851E9 8.373987340659591E8 2.0138912663042812E9
2023-01-03_07:04:17 1.987769364477921E9 8.421988985479426E8 2.0004657460672708E9
2023-02-03_02:14:51 1.9982767941645122E9 8.469839520771508E8 1.98694826585258E9
2023-03-05_21:25:25 2.0086683627354836E9 8.517349423887554E8 1.9733981468853765E9
2023-04-05_17:35:58 2.018990627901192E9 8.564413887077794E8 1.959706663150796E9
2023-05-06_12:46:32 2.0292814571336153E9 8.611503004507171E8 1.9459449894327488E9
2023-06-06_07:57:05 2.0394187932929463E9 8.657781509348398E8 1.932142693158709E9
2023-07-07_03:07:39 2.0495376749439695E9 8.704139310660038E8 1.9182569132296658E9
2023-08-06_22:18:13 2.0595273296892767E9 8.74979169441223E8 1.904302532018166E9
2023-09-06_17:28:46 2.0694945265890381E9 8.795356330095357E8 1.890272077918865E9
2023-10-07_12:39:20 2.079318548722364E9 8.840460719980778E8 1.876179280732179E9
2023-11-07_06:49:53 2.0891354679129448E9 8.885382005510157E8 1.8619986600760746E9
2023-12-08_02:00:27 2.0988210175293486E9 8.92989747818174E8 1.8478090756720288E9
2024-01-07_21:11:01 2.1084406468907194E9 8.973978256698233E8 1.8334654900126147E9
2024-02-07_16:21:34 2.1180117061279154E9 9.018011318706772E8 1.8190739068164454E9
2024-03-09_11:32:08 2.1274439433601794E9 9.061293839592587E8 1.8046255673467722E9
2024-04-09_07:42:41 2.1368485508510232E9 9.104617866375109E8 1.7901028193800633E9
2024-05-10_02:53:15 2.146135908486762E9 9.147285006609076E8 1.7754912668880618E9
2024-06-09_22:03:49 2.1553820673525105E9 9.189781602584232E8 1.7608327125966036E9
2024-07-10_17:14:22 2.1644823099183674E9 9.231808155955974E8 1.7461139396018434E9
2024-08-10_12:24:56 2.173568550600162E9 9.273618354968569E8 1.73131355666027E9
2024-09-10_07:35:29 2.1825389212154646E9 9.315090953913895E8 1.7164878202155888E9
2024-10-11_02:46:03 2.1914176345062733E9 9.356015357965761E8 1.7015370623710763E9
2024-11-10_20:56:37 2.200246499054457E9 9.396887116408877E8 1.6865412910235133E9
2024-12-11_16:07:10 2.2089228245529385E9 9.436945406218436E8 1.6715121733643434E9
2025-01-11_11:17:44 2.217583230712035E9 9.476937327824316E8 1.656395837268691E9
2025-02-11_06:28:17 2.2260991154863877E9 9.516475882751368E8 1.6412130616963384E9
2025-03-14_01:38:51 2.234587874113669E9 9.555734661319582E8 1.6259707864366179E9
2025-04-13_21:49:25 2.2429653201898165E9 9.594676834896742E8 1.6106980512825131E9
2025-05-14_16:59:58 2.2512618157004895E9 9.633113990794926E8 1.5952777319494534E9
2025-06-14_12:10:32 2.2594675689538527E9 9.671321289314362E8 1.5798811003304083E9
2025-07-15_07:21:05 2.2675719563244E9 9.708935291464396E8 1.5643699973402555E9
2025-08-15_02:31:39 2.275625615852171E9 9.746493818549607E8 1.548815527030408E9
2025-09-14_21:42:13 2.283537020183698E9 9.783280248030742E8 1.5332146102437744E9
2025-10-15_16:52:46 2.2914077134690247E9 9.820054974742409E8 1.5175512282141871E9
2025-11-15_11:03:20 2.2991460657056317E9 9.856104236241958E8 1.5018276426601381E9
2025-12-16_06:13:53 2.306833747970638E9 9.891932217155683E8 1.4860721894340193E9
2026-01-16_01:24:27 2.3144235394933677E9 9.927502096502056E8 1.4702656275889568E9
2026-02-15_20:35:01 2.321909078667535E9 9.962462526224735E8 1.4543449101855736E9
2026-03-18_15:45:34 2.3293203297374363E9 9.997266627943355E8 1.438425590382485E9
2026-04-18_11:56:08 2.336621045076184E9 1.003143459099555E9 1.4224029932204657E9
2026-05-19_07:06:41 2.3438793718295593E9 1.0065583881448728E9 1.4063189996773775E9
2026-06-19_02:17:15 2.35098412181501E9 1.0098909092004814E9 1.3902141819972444E9
2026-07-19_21:27:49 2.3580487995301175E9 1.0132063015167036E9 1.3740551781188133E9
2026-08-19_16:38:22 2.3649686953302813E9 1.016475999895113E9 1.3578392612135375E9
2026-09-19_11:48:56 2.3718507051073184E9 1.0197128481631844E9 1.3415785911609223E9
2026-10-20_06:59:29 2.378624425455956E9 1.022919354996211E9 1.325289150404302E9
2026-11-20_01:10:03 2.3852816305773354E9 1.026059440927948E9 1.3089044570033765E9
2026-12-20_20:20:37 2.391864299495876E9 1.02918377058162E9 1.29252693941047E9
2027-01-20_15:31:10 2.3983347727314177E9 1.0322435870979676E9 1.276044038600512E9
2027-02-20_10:41:44 2.404746871509276E9 1.035294539837066E9 1.2595318733264184E9
2027-03-23_05:52:17 2.4110231492296314E9 1.0382706027785103E9 1.242967479320795E9
2027-04-23_02:02:51 2.417251044030544E9 1.0412261338483541E9 1.2263637007820363E9
2027-05-23_21:13:25 2.4233396100351353E9 1.0441376877804945E9 1.209691074514122E9
2027-06-23_16:23:58 2.429383176975677E9 1.04701352840614E9 1.192988893491004E9
2027-07-24_11:34:32 2.435315655746302E9 1.0498576750412502E9 1.1762665306475146E9
2027-08-24_06:45:05 2.441124988088184E9 1.0526325200720881E9 1.1594596387309012E9
2027-09-24_01:55:39 2.4468701706368093E9 1.0553959621513083E9 1.142640597643331E9
2027-10-24_21:06:13 2.452488114755599E9 1.0580882435563931E9 1.1257472463717096E9
2027-11-24_15:16:46 2.4580452853881145E9 1.0607704873629421E9 1.1088331181373181E9
2027-12-25_10:27:20 2.463457111248133E9 1.0633737072544371E9 1.0918889097300627E9
2028-01-25_05:37:53 2.4688277373086376E9 1.0659593230348558E9 1.074892356304462E9
2028-02-25_00:48:27 2.4740476258421993E9 1.0684959465286541E9 1.0578512725061543E9
2028-03-26_20:59:01 2.4792277603473434E9 1.0709991016569109E9 1.0407651060660436E9
2028-04-26_16:09:34 2.484304712912863E9 1.0734738597668018E9 1.0236391708343291E9
2028-05-27_11:20:08 2.489244142464907E9 1.0758729676156135E9 1.0064637131314886E9
2028-06-27_06:30:41 2.4941212221071057E9 1.0782613625366812E9 9.89274789079627E8
2028-07-28_01:41:15 2.4988654609297595E9 1.0805760587955859E9 9.720251507597928E8
2028-08-27_20:51:49 2.503548182953153E9 1.0828803124734325E9 9.547587450115798E8
2028-09-27_16:02:22 2.5080932489876842E9 1.0851088024979963E9 9.374412072315044E8
2028-10-28_11:12:56 2.5125853517946E9 1.087314443226334E9 9.201027393407981E8
2028-11-28_05:23:29 2.516925803437583E9 1.089470585541117E9 9.027228424173913E8
2028-12-29_00:34:03 2.521215809936813E9 1.0915885879182851E9 8.853297617695749E8
2029-01-28_19:44:37 2.525402602376365E9 1.093678071996682E9 8.678973121586094E8
2029-02-28_14:55:10 2.5294546503999233E9 1.0956930375824318E9 8.504058011398296E8
2029-03-31_11:05:44 2.533447256267797E9 1.0976984401566722E9 8.328915742363691E8
2029-05-01_06:16:17 2.537304682651332E9 1.099629027792385E9 8.153194627600454E8
2029-06-01_01:26:51 2.5410938758831987E9 1.1015461400484664E9 7.977507456944883E8
2029-07-01_20:37:25 2.5447457528650484E9 1.1033876259449234E9 7.801355870172578E8
2029-08-01_15:47:58 2.5483416563036227E9 1.1052047834351683E9 7.625077407263516E8
2029-09-01_10:58:32 2.551785167935703E9 1.1069719700363407E9 7.448419628703928E8
2029-10-02_06:09:05 2.5551820911315837E9 1.1087026460532515E9 7.27147981915242E8
2029-11-02_00:19:39 2.5584697246403356E9 1.1104021644723785E9 7.0943802031775E8
2029-12-02_19:30:13 2.561612831859894E9 1.1120228186756756E9 6.91706596492638E8
2030-01-02_14:40:46 2.5647014111974616E9 1.113635869923503E9 6.739288459956775E8
2030-02-02_09:51:20 2.5676461331019397E9 1.115170276049864E9 6.561252702059882E8
2030-03-05_05:01:53 2.570527862732018E9 1.116693394721243E9 6.383074433592021E8
2030-04-05_01:12:27 2.57327017993801E9 1.118139855636219E9 6.204468027269741E8
2030-05-05_20:23:01 2.5759595266021886E9 1.1195633438845778E9 6.025577646720777E8
2030-06-05_15:33:34 2.5784910543466334E9 1.1209341852870805E9 5.846569353760297E8
2030-07-06_10:44:08 2.5809729565811787E9 1.122267394458194E9 5.667388578950236E8
2030-08-06_05:54:41 2.583345925390879E9 1.1235692309263916E9 5.488037682335076E8
2030-09-06_01:05:15 2.58557675180441E9 1.1247933545039644E9 5.308342774173454E8
2030-10-06_20:15:49 2.587745317944524E9 1.1260062529077287E9 5.128521603333401E8
2030-11-06_14:26:22 2.589769030648024E9 1.127140135514899E9 4.948440591618505E8
2030-12-07_09:36:56 2.591726451573003E9 1.128261091822583E9 4.7685493883873117E8
2031-01-07_04:47:29 2.593545070210476E9 1.1293055873545363E9 4.588097069982424E8
2031-02-06_23:58:03 2.5953067742095404E9 1.130325475598264E9 4.407525030245881E8
2031-03-09_19:08:37 2.5969594815298862E9 1.131313539712147E9 4.226778556345774E8
2031-04-09_15:19:10 2.598466482476826E9 1.1322225041218061E9 4.0458735148007643E8
2031-05-10_10:29:44 2.5999157278562374E9 1.1331219442610993E9 3.864443529055317E8
2031-06-10_05:40:17 2.6012152220275307E9 1.1339405054349859E9 3.683198330483968E8
2031-07-11_00:50:51 2.6024510205907745E9 1.134746879108532E9 3.50191569678681E8
2031-08-10_20:01:25 2.6035435760116706E9 1.13547505535903E9 3.3202499511583066E8
2031-09-10_15:11:58 2.6045712325166636E9 1.1361906454650166E9 3.138696680116897E8
2031-10-11_10:22:32 2.605455581725029E9 1.1368278515557764E9 2.9568520591736615E8
2031-11-11_04:33:05 2.6062812148380723E9 1.1374397577794006E9 2.774965285380426E8
2031-12-11_23:43:39 2.606994604664176E9 1.1380180409083538E9 2.5931600637148917E8
2032-01-11_18:54:13 2.6075633360930414E9 1.1385178301495638E9 2.4110958403467074E8
2032-02-11_14:04:46 2.608069527145101E9 1.1390056934901793E9 2.2287175843709826E8
2032-03-13_09:15:20 2.608428524071528E9 1.1394139332498727E9 2.046435702905698E8
2032-04-13_05:25:53 2.60872332465193E9 1.1398093689084163E9 1.8641430653319183E8
2032-05-14_00:36:27 2.6088739081026993E9 1.1401265465485306E9 1.6812496847894183E8
2032-06-13_19:47:01 2.6089574566250052E9 1.1404297420674922E9 1.4988113594068402E8
2032-07-14_14:57:34 2.608896295078207E9 1.140654070506057E9 1.3161051300727133E8
2032-08-14_10:08:08 2.608774959861933E9 1.14085247391488E9 1.1334493337028313E8
2032-09-14_05:18:41 2.6085426415729833E9 1.1410174292046983E9 9.506474437818477E7
2032-10-15_00:29:15 2.608163529962772E9 1.1411031539379265E9 7.679703405272953E7
2032-11-14_18:39:49 2.607719699887801E9 1.141175623599276E9 5.849188896903941E7
2032-12-15_13:50:22 2.607128795003963E9 1.1411687532973197E9 4.024183474224763E7
2033-01-15_09:00:56 2.6064722102374334E9 1.1411480480014799E9 2.1966142214211266E7
2033-02-15_04:11:29 2.605669611935721E9 1.1410485406563475E9 3657935.817677743
2033-03-17_23:22:03 2.604805689511489E9 1.1409218505533185E9 -1.4620670240335686E7
2033-04-17_19:32:37 2.6037842322978015E9 1.1407414149098358E9 -3.292189143175789E7
2033-05-18_14:43:10 2.602706869708289E9 1.1405216759285986E9 -5.123363390562536E7
2033-06-18_09:53:44 2.6015174396892715E9 1.1402675622824597E9 -6.953489359077327E7
2033-07-19_05:04:17 2.600182209359731E9 1.139934903431179E9 -8.780831308628047E7
2033-08-19_00:14:51 2.5987787643096294E9 1.1395870609237356E9 -1.0612140558701383E8
2033-09-18_19:25:25 2.597230538685863E9 1.1391611317609973E9 -1.243898243888385E8
2033-10-19_14:35:58 2.5956146781292615E9 1.1387200632333276E9 -1.426554211766831E8
2033-11-19_08:46:32 2.5938505364869585E9 1.1381995139071128E9 -1.6094984067936587E8
2033-12-20_03:57:05 2.5920272121244082E9 1.137652568015916E9 -1.791813099098336E8
2034-01-19_23:07:39 2.590043846120917E9 1.137050336707284E9 -1.974565453331604E8
2034-02-19_18:18:13 2.588003991214262E9 1.1364088107192178E9 -2.1570801896307558E8
2034-03-22_13:28:46 2.5858499977116833E9 1.135731718518199E9 -2.339729556494773E8
2034-04-22_09:39:20 2.583551542303904E9 1.1349768468422647E9 -2.5219822196232226E8
2034-05-23_04:49:53 2.5811787128015532E9 1.1342036495852835E9 -2.704832011149845E8
2034-06-23_00:00:27 2.5786646827081056E9 1.1333542410228224E9 -2.886869429774382E8
2034-07-23_19:11:01 2.5760830790941715E9 1.132489175122747E9 -3.0688419170265335E8
2034-08-23_14:21:34 2.573350680120998E9 1.1315438656533127E9 -3.2510417683436555E8
2034-09-23_09:32:08 2.570558802985253E9 1.1305719294754593E9 -3.4327721336329746E8
2034-10-24_04:42:41 2.5676069229805155E9 1.1295442189234817E9 -3.614661058977073E8
2034-11-23_22:53:15 2.564599643639809E9 1.1284780911314125E9 -3.7961280848656905E8
2034-12-24_18:03:49 2.561476732710517E9 1.127375180159649E9 -3.977647795703042E8
2035-01-24_13:14:22 2.558209431235313E9 1.126194902632596E9 -4.158819199694554E8
2035-02-24_08:24:56 2.55487318812025E9 1.124998044271354E9 -4.339830658023283E8
2035-03-27_04:35:29 2.5513846055368075E9 1.1237204059322426E9 -4.521046173990661E8
2035-04-26_23:46:03 2.547828692977964E9 1.1224269121607132E9 -4.701949957507565E8
2035-05-27_18:56:37 2.5441251683846536E9 1.1210547456534436E9 -4.88271744522864E8
2035-06-27_14:07:10 2.5403612402011013E9 1.1196554829563076E9 -5.063078911590515E8
2035-07-28_09:17:44 2.5364369503201528E9 1.1181997432516065E9 -5.243466685537491E8
2035-08-28_04:28:17 2.532458258694645E9 1.1167063896467662E9 -5.423339419688098E8
2035-09-27_23:38:51 2.5283578572383475E9 1.1151730338082476E9 -5.603471509727827E8
2035-10-28_17:49:25 2.524120561889423E9 1.1135659150067759E9 -5.782865634635845E8
2035-11-28_12:59:58 2.5198185659095874E9 1.1119435071613917E9 -5.961826321347353E8
2035-12-29_08:10:32 2.51535803685196E9 1.110237984561046E9 -6.141172377102189E8
2036-01-29_03:21:05 2.5108357441786637E9 1.1085184460006275E9 -6.319872172069076E8
2036-02-28_22:31:39 2.5061610911934276E9 1.1067179321505046E9 -6.498625209800601E8
2036-03-30_18:42:13 2.501426595118568E9 1.1048917156271582E9 -6.676886652974569E8
2036-04-30_13:52:46 2.496525623648459E9 1.103004991580471E9 -6.855338826636487E8
2036-05-31_09:03:20 2.4915774784049397E9 1.1010844655005665E9 -7.032945862061517E8
2036-07-01_04:13:53 2.486503698227956E9 1.0991214582971592E9 -7.210817229996772E8
2036-07-31_23:24:27 2.48130075175546E9 1.0970884753747666E9 -7.387723544370346E8
2036-08-31_18:35:01 2.4760268295199265E9 1.0950368312965245E9 -7.56442378421353E8
2036-10-01_13:45:34 2.470598339094763E9 1.0929042311119874E9 -7.741215640672247E8
2036-11-01_07:56:08 2.4651106795069556E9 1.0907581106002712E9 -7.917269657377212E8
2036-12-02_03:06:41 2.4594758426887794E9 1.0885336187234406E9 -8.093090837761827E8
2037-01-01_22:17:15 2.453777146788908E9 1.0862816578700004E9 -8.26855362668027E8
2037-02-01_17:27:49 2.4479176754783673E9 1.083970935372242E9 -8.443906866353562E8
2037-03-04_12:38:22 2.4420084504781337E9 1.0816257885565484E9 -8.618562911638831E8
2037-04-04_08:48:56 2.435970181142879E9 1.07923600472412E9 -8.793458235893654E8
2037-05-05_03:59:29 2.4298039179038806E9 1.076777207794345E9 -8.96745675210052E8
2037-06-04_23:10:03 2.423572623299962E9 1.074301578085876E9 -9.140974741860175E8
2037-07-05_18:20:37 2.4171851508551126E9 1.0717448867752136E9 -9.31452790505344E8
2037-08-05_13:31:10 2.4107428092632456E9 1.0691757777196598E9 -9.487244182733E8
2037-09-05_08:41:44 2.40414663077194E9 1.0665258748205482E9 -9.659893282478122E8
2037-10-06_03:52:17 2.397496261761732E9 1.0638526114495522E9 -9.831860151528044E8
2037-11-05_22:02:51 2.3906859025278983E9 1.0611201938609043E9 -1.0003663741223972E9
2037-12-06_17:13:25 2.3838359063059144E9 1.0583582900399811E9 -1.0174498229369838E9
2038-01-06_12:23:58 2.376849363524794E9 1.0555477718598589E9 -1.0345668629576459E9
2038-02-06_07:34:32 2.3697483104640183E9 1.05267457722002E9 -1.05156381017578E9
2038-03-09_02:45:05 2.3625762865012417E9 1.0497812582790476E9 -1.0685301828652273E9
2038-04-08_22:55:39 2.3552457705866427E9 1.0468063528600873E9 -1.0854922449324841E9
2038-05-09_18:06:13 2.3478574083701396E9 1.0438170333255337E9 -1.1023842575107424E9
2038-06-09_13:16:46 2.340324031442788E9 1.0407512467843741E9 -1.1192420209399261E9
2038-07-10_08:27:20 2.3327398708983397E9 1.037663396417115E9 -1.1360215558465195E9
2038-08-10_03:37:53 2.3249968437123423E9 1.0345163467683789E9 -1.1527792271161048E9
2038-09-09_22:48:27 2.317210229856884E9 1.0313385621935534E9 -1.169453650525825E9
2038-10-10_17:59:01 2.3092930587752905E9 1.0281139624182853E9 -1.1861341940851586E9
2038-11-10_12:09:34 2.3012711687223334E9 1.0248314963612298E9 -1.2026832736927013E9
2038-12-11_07:20:08 2.2931885438320804E9 1.0215326075805504E9 -1.2191746723089473E9
2039-01-11_02:30:41 2.284941473401741E9 1.0181500662924937E9 -1.2356692935149348E9
2039-02-10_21:41:15 2.2766479431246185E9 1.0147466706874881E9 -1.2520796185801704E9
2039-03-13_16:51:49 2.268196301882236E9 1.0112830138102181E9 -1.2684642833246608E9
2039-04-13_13:02:22 2.259706191654004E9 1.007791865984303E9 -1.2847545562703173E9
2039-05-14_08:12:56 2.251070412908672E9 1.0042468676372851E9 -1.3010748964068885E9
2039-06-14_03:23:29 2.2423495007509913E9 1.0006529211397957E9 -1.3172311118035882E9
2039-07-14_22:34:03 2.2335306753862357E9 9.970259033702261E8 -1.3334025043399255E9
2039-08-14_17:44:37 2.2246101294684515E9 9.933427737955617E8 -1.349446352138702E9
2039-09-14_12:55:10 2.2156239541025147E9 9.89640608395855E8 -1.3654416564791608E9
2039-10-15_08:05:44 2.206483706204545E9 9.858597498903755E8 -1.3814124825367775E9
2039-11-15_02:16:17 2.1973021791355333E9 9.82060256369114E8 -1.3972913198912373E9
2039-12-15_21:26:51 2.1879749391014028E9 9.782049920627803E8 -1.4131177622712078E9
2040-01-15_16:37:25 2.1786037195480695E9 9.74320508364446E8 -1.428863423445639E9
2040-02-15_11:47:58 2.169094947385252E9 9.703848753521377E8 -1.444612094691211E9
2040-03-17_06:58:32 2.159502785728759E9 9.664016601699921E8 -1.4602084572178526E9
2040-04-17_03:09:05 2.149808792906172E9 9.623829111343516E8 -1.4758161157992752E9
2040-05-17_22:19:39 2.140011391687289E9 9.583079396677688E8 -1.4913070924646418E9
2040-06-17_17:30:13 2.1301617019295924E9 9.542189237743304E8 -1.5067236385442097E9
2040-07-18_12:40:46 2.1201590141299841E9 9.500523030964497E8 -1.5221085221902463E9
2040-08-18_07:51:20 2.1101203227581666E9 9.458692505188704E8 -1.5373953672916038E9
2040-09-18_03:01:53 2.0999267725582602E9 9.41625535201814E8 -1.5526428259722948E9
2040-10-18_22:12:27 2.0897068062589157E9 9.373610812141016E8 -1.5677823784727595E9
2040-11-18_16:23:01 2.0793476881740282E9 9.330438643444577E8 -1.582919132764954E9
2040-12-19_11:33:34 2.0689301473584921E9 9.286905694125171E8 -1.597876752034416E9
2041-01-19_06:44:08 2.058432429661831E9 9.243103087321016E8 -1.6128026586748345E9
2041-02-19_01:54:41 2.0477777792620335E9 9.198512838993473E8 -1.627700112407535E9
2041-03-21_21:05:15 2.037099062547166E9 9.153896166084664E8 -1.6424798203356178E9
2041-04-21_17:15:49 2.026267566584245E9 9.108511037829156E8 -1.65722186199621E9
2041-05-22_12:26:22 2.0153940499014058E9 9.062927750399562E8 -1.6718770280935059E9
2041-06-22_07:36:56 2.0043806491725702E9 9.016808614812765E8 -1.686467898957556E9
2041-07-23_02:47:29 1.9933454758467114E9 8.970502075945626E8 -1.7009476730701787E9
2041-08-22_21:58:03 1.9821741445817957E9 8.923672505548983E8 -1.7154126453290591E9
2041-09-22_17:08:37 1.9709427956908195E9 8.876482341097214E8 -1.7297145220117795E9
2041-10-23_12:19:10 1.959644287787161E9 8.829069170262573E8 -1.7439589411792898E9
2041-11-23_06:29:44 1.9481902682167563E9 8.780883879589901E8 -1.7581685659494035E9
2041-12-24_01:40:17 1.9367336791209917E9 8.732755729721644E8 -1.7722367547578037E9
2042-01-23_20:50:51 1.9251123384738367E9 8.683814571535662E8 -1.7862799632574425E9
2042-02-23_16:01:25 1.9134691042508895E9 8.63476180068907E8 -1.800211078787435E9
2042-03-26_11:11:58 1.901675021897746E9 8.585117231580583E8 -1.8140914671585186E9
2042-04-26_07:22:32 1.8898652318946204E9 8.535318342230015E8 -1.827855557254379E9
2042-05-27_02:33:05 1.8779045090395484E9 8.484924422998501E8 -1.8416151929052756E9
2042-06-26_21:43:39 1.865910288616638E9 8.434291965291468E8 -1.8551888242779362E9
2042-07-27_16:54:13 1.8538504604219282E9 8.383434409301765E8 -1.868699223511274E9
2042-08-27_12:04:46 1.8416376423989823E9 8.331823055495956E8 -1.8821678043332193E9
2042-09-27_07:15:20 1.8294161584695807E9 8.280234020637894E8 -1.8955085850125966E9
2042-10-28_01:25:53 1.8170460422888384E9 8.22790970025707E8 -1.9088005681353285E9
2042-11-27_20:36:27 1.8046755128923051E9 8.175564782686882E8 -1.9219581050088842E9
2042-12-28_15:47:01 1.7921396572566943E9 8.122559175580958E8 -1.9350789029106588E9
2043-01-28_10:57:34 1.7795992214061353E9 8.069453803010771E8 -1.9480732455852673E9
2043-02-28_06:08:08 1.7669263686326005E9 8.015824752520068E8 -1.9610357965135472E9
2043-03-31_02:18:41 1.7542053126747715E9 7.961900988849076E8 -1.9738384844720645E9
2043-04-30_21:29:15 1.7414121812992556E9 7.907715449293561E8 -1.9865823879794788E9
2043-05-31_16:39:49 1.728489391929569E9 7.852885321511313E8 -1.9992566166996276E9
2043-07-01_11:50:22 1.7155530966092315E9 7.798048238697754E8 -2.0118092656336424E9
2043-08-01_07:00:56 1.7024766462175992E9 7.742518933792069E8 -2.024301865494857E9
2043-09-01_02:11:29 1.6893970498553605E9 7.686958014918108E8 -2.0366662866776936E9
2043-10-01_21:22:03 1.676159196047853E9 7.630757921988835E8 -2.0489822950857427E9
2043-11-01_15:32:37 1.6629296359981656E9 7.574521272761254E8 -2.061162373972364E9
2043-12-02_10:43:10 1.6495849896311896E9 7.517827765054375E8 -2.0732888870511794E9
2044-01-02_05:53:44 1.6361874526199698E9 7.460825772052145E8 -2.0852677233426328E9
2044-02-02_01:04:17 1.6227369423251188E9 7.403639643396276E8 -2.097167017732983E9
2044-03-03_20:14:51 1.6091428340210297E9 7.345753353134537E8 -2.1090074985591092E9
2044-04-03_16:25:25 1.595544241352744E9 7.287836540789876E8 -2.1207223221060278E9
2044-05-04_11:35:58 1.5817879257705374E9 7.22926328743117E8 -2.1323855353219457E9
2044-06-04_06:46:32 1.5680512069628403E9 7.170713022666507E8 -2.1439045245041628E9
2044-07-05_01:57:05 1.5541640324625702E9 7.111543003172545E8 -2.155363810821692E9
2044-08-04_21:07:39 1.5402917033037975E9 7.052372678870982E8 -2.166686817514412E9
2044-09-04_16:18:13 1.5262875645915563E9 6.992664264007891E8 -2.17796380216965E9
2044-10-05_11:28:46 1.5122589027791655E9 6.932778647553855E8 -2.1890767923125877E9
2044-11-05_05:39:20 1.498180567597553E9 6.87271436252767E8 -2.2001051467994275E9
2044-12-06_00:49:53 1.483978273284441E9 6.812043906706626E8 -2.2110542765171866E9
2045-01-05_20:00:27 1.4697615938995702E9 6.751297999187055E8 -2.2218894723407545E9
2045-02-05_15:11:01 1.4554072554214387E9 6.689974288066537E8 -2.2326517260433564E9
2045-03-08_10:21:34 1.441063230742033E9 6.628642753024375E8 -2.2432822160415764E9
2045-04-08_06:32:08 1.426583143402419E9 6.566747629683118E8 -2.2538647123412657E9
2045-05-09_01:42:41 1.4120844863376594E9 6.504709128013637E8 -2.2642867281964912E9
2045-06-08_20:53:15 1.3974839015232782E9 6.442256249054025E8 -2.274659395464888E9
2045-07-09_16:03:49 1.38287024239888E9 6.379684190946982E8 -2.2848674162257447E9
2045-08-09_11:14:22 1.3682100166352468E9 6.316937827706481E8 -2.2949854659172387E9
2045-09-09_06:24:56 1.3534114971938596E9 6.25353153613851E8 -2.3050317378713794E9
2045-10-10_01:35:29 1.3386238331810904E9 6.190158720722517E8 -2.3149470751706295E9
2045-11-09_19:46:03 1.3237022088150032E9 6.12621643830725E8 -2.324784164711883E9
2045-12-10_14:56:37 1.3088161688397777E9 6.062383278421183E8 -2.3344753723352933E9
2046-01-10_10:07:10 1.2937763562116783E9 5.997900944712921E8 -2.344123467772019E9
2046-02-10_05:17:44 1.2787499539334235E9 5.933422639267966E8 -2.3535981278416743E9
2046-03-13_00:28:17 1.2635989254052737E9 5.868420839375038E8 -2.363029048212561E9
2046-04-12_20:38:51 1.2484479296093454E9 5.80336769163868E8 -2.372294859729551E9
2046-05-13_15:49:25 1.2332355471772196E9 5.738066506926099E8 -2.381477875538503E9
2046-06-13_10:59:58 1.2179062094718862E9 5.67220492995935E8 -2.39056981840622E9
2046-07-14_06:10:32 1.202595281951695E9 5.606409855863044E8 -2.399528734174544E9
2046-08-14_01:21:05 1.1871512653097224E9 5.540041331598289E8 -2.4084055043026514E9
2046-09-13_20:31:39 1.1717370987437398E9 5.473764318675731E8 -2.4171434385059085E9
2046-10-14_15:42:13 1.1561870081430278E9 5.406906699947946E8 -2.4258196989840164E9
2046-11-14_09:52:46 1.140659122479221E9 5.3400995725386786E8 -2.4343240373759604E9
2046-12-15_05:03:20 1.1251050920195212E9 5.2731868181875294E8 -2.442720876086222E9
2047-01-15_00:13:53 1.1093973688014715E9 5.205565173925482E8 -2.451046608895603E9
2047-02-14_19:24:27 1.093712951873559E9 5.138053477323435E8 -2.459238043616362E9
2047-03-17_14:35:01 1.0779023807843084E9 5.0699504601932955E8 -2.4673412142107987E9
2047-04-17_10:45:34 1.0621246723986765E9 5.001971533824694E8 -2.4753048455453973E9
2047-05-18_05:56:08 1.0461840632764721E9 4.933290159327739E8 -2.4831971441521297E9
2047-06-18_01:06:41 1.0303074248382425E9 4.864851629157434E8 -2.490935327826176E9
2047-07-18_20:17:15 1.0143041107240287E9 4.7958630706892467E8 -2.49859942390087E9
2047-08-18_15:27:49 9.983226934158692E8 4.726932986989239E8 -2.5061002996740394E9
2047-09-18_10:38:22 9.822243485803094E8 4.6574945001907676E8 -2.5135345067432566E9
2047-10-19_05:48:56 9.66155616304592E8 4.5881501950614595E8 -2.520804932640955E9
2047-11-18_23:59:29 9.500384560834957E8 4.518595808189702E8 -2.527976660010753E9
2047-12-19_19:10:03 9.33819341640397E8 4.4485637180525964E8 -2.5350457170061684E9
2048-01-19_14:20:37 9.176209728196063E8 4.3786035715280724E8 -2.5419828878699555E9
2048-02-19_09:31:10 9.012834103883209E8 4.308033922399281E8 -2.5488317512426777E9
2048-03-21_04:41:44 8.84999063578052E8 4.237668979860003E8 -2.5555370005274134E9
2048-04-21_00:52:17 8.68590490983798E8 4.1667554186838025E8 -2.5621579409260745E9
2048-05-21_20:02:51 8.521940426959349E8 4.095865864918486E8 -2.5686274626986723E9
2048-06-21_15:13:25 8.357854549562714E8 4.024914841682293E8 -2.5749794144693103E9
2048-07-22_10:23:58 8.192519447913655E8 3.953396892225925E8 -2.581235633094957E9
2048-08-22_05:34:32 8.027572458726584E8 3.8820356375101304E8 -2.587354142431331E9
2048-09-22_00:45:05 7.861466157873213E8 3.8101458653831625E8 -2.593372467815144E9
2048-10-22_19:55:39 7.695814483135098E8 3.738435165313468E8 -2.5992502877814894E9
2048-11-22_14:06:13 7.528880421589311E8 3.6661535297627366E8 -2.6050317769274096E9
2048-12-23_09:16:46 7.36273704397972E8 3.5941964236941737E8 -2.6106635871889668E9
2049-01-23_04:27:20 7.195215520996155E8 3.5216233958572596E8 -2.616209398774495E9
2049-02-22_23:37:53 7.028066464452522E8 3.449191950040529E8 -2.621601420257102E9
2049-03-25_18:48:27 6.86067348886148E8 3.3766376843557173E8 -2.626877875843042E9
2049-04-25_14:59:01 6.692084241007482E8 3.303546203704326E8 -2.632052562197881E9
2049-05-26_10:09:34 6.523756003614472E8 3.230547749226431E8 -2.6370943140663095E9
2049-06-26_05:20:08 6.354509906455588E8 3.15713348604282E8 -2.642024980031861E9
2049-07-27_00:30:41 6.185849035162579E8 3.0839572583626133E8 -2.646813257956564E9
2049-08-26_19:41:15 6.015949543982074E8 3.010219070167099E8 -2.6515011211194687E9
2049-09-26_14:51:49 5.846701915952418E8 2.936752890862037E8 -2.6560442529220867E9
2049-10-27_10:02:22 5.676317560858037E8 2.8627667086752516E8 -2.6604877908682027E9
2049-11-27_04:12:56 5.506448950002285E8 2.7889931580869484E8 -2.6647809349113607E9
2049-12-27_23:23:29 5.336589527412828E8 2.7151983030738807E8 -2.668949527964098E9
2050-01-27_18:34:03 5.165383707403004E8 2.6408079844498983E8 -2.673016152337676E9
2050-02-27_13:44:37 4.9947357767156804E8 2.5666314005651972E8 -2.676943404281117E9
2050-03-30_09:55:10 4.8230232857451236E8 2.4919846686405346E8 -2.6807609921321397E9
2050-04-30_05:05:44 4.651755290664254E8 2.4175148422939557E8 -2.684441914663873E9
2050-05-31_00:16:17 4.479529079252871E8 2.342595808513342E8 -2.688011796941036E9
2050-06-30_19:26:51 4.3080346019987816E8 2.2679914639149976E8 -2.6914378616063614E9
2050-07-31_14:37:25 4.135488457676732E8 2.1928940905908608E8 -2.6947551716353593E9
2050-08-31_09:47:58 3.9635093953089845E8 2.1180424767076695E8 -2.6979292197953773E9
2050-10-01_04:58:32 3.791425629573888E8 2.043110036353888E8 -2.7009790415371213E9
2050-10-31_23:09:05 3.618271479724239E8 1.967711318832905E8 -2.7039166255217695E9
2050-12-01_18:19:39 3.445966250815386E8 1.8926644158228463E8 -2.706712961869065E9
2051-01-01_13:30:13 3.2724565589514434E8 1.81705464206722E8 -2.7093986379407883E9
2051-02-01_08:40:46 3.0996813893865067E8 1.7417671763964444E8 -2.711944696871324E9
2051-03-04_03:51:20 2.925883203855789E8 1.6659940696337968E8 -2.71437800958194E9
2051-04-04_00:01:53 2.7527403756509846E8 1.590510928986923E8 -2.71667171577381E9
2051-05-04_19:12:27 2.5784815709328935E8 1.5144984177621284E8 -2.718850297437356E9
2051-06-04_14:23:01 2.4051642291246283E8 1.438903837587096E8 -2.7208893596680164E9
2051-07-05_09:33:34 2.231662282522706E8 1.363182951937249E8 -2.7228021167219453E9
2051-08-05_04:44:08 2.0572346606118444E8 1.287069017918928E8 -2.7245971027448983E9
2051-09-04_23:54:41 1.883590946672541E8 1.211247471513665E8 -2.726255319083754E9
2051-10-05_19:05:15 1.7088976645941073E8 1.134983828292516E8 -2.7277956657897487E9
2051-11-05_13:15:49 1.5350851714312133E8 1.059083414373797E8 -2.7292003326015906E9
2051-12-06_08:26:22 1.3605432623769832E8 9.8281526908682E7 -2.7304804466662936E9
2052-01-06_03:36:56 1.186525303678502E8 9.067899881286748E7 -2.731632374979195E9
2052-02-05_22:47:29 1.011671265672182E8 8.303479587566426E7 -2.732657907644672E9
2052-03-07_17:58:03 8.376249466634159E7 7.542751613544938E7 -2.7335548858964033E9
2052-04-07_14:08:37 6.634630900601795E7 6.7809713719515E7 -2.7343212962074013E9
2052-05-08_09:19:10 4.882442490937577E7 6.014781424263124E7 -2.7349675560610657E9
2052-06-08_04:29:44 3.1408431660810553E7 5.253001699142177E7 -2.7354779005260477E9
2052-07-08_23:40:17 1.3897584796527918E7 4.48657425627574E7 -2.7358666068015695E9
2052-08-08_18:50:51 -3517985.440141866 3.724465488264159E7 -2.7361230571122475E9
2052-09-08_14:01:25 -2.1020226238139614E7 2.958001806176593E7 -2.7362503169889493E9
2052-10-09_09:11:58 -3.8441777609848574E7 2.1952793171015497E7 -2.7362562198792543E9
2052-11-09_03:22:32 -5.593793656961215E7 1.4287039561480006E7 -2.7361275626229186E9
2052-12-09_22:33:05 -7.332541873357755E7 6671216.194347672 -2.7358798334820223E9
2053-01-09_17:43:39 -9.073747603918275E7 -961667.6386362836 -2.7354974388459325E9
2053-02-09_12:54:13 -1.082262301907866E8 -8625174.475369774 -2.7349920997214637E9
2053-03-12_08:04:46 -1.2562332783370022E8 -1.6250404701291552E7 -2.7343551290304523E9
2053-04-12_04:15:20 -1.431074452828002E8 -2.3920015388972726E7 -2.73359542542548E9
2053-05-12_23:25:53 -1.6051050172175857E8 -3.155158231096922E7 -2.732702408447957E9
2053-06-12_18:36:27 -1.779702092767885E8 -3.921443694790462E7 -2.7316781993863797E9
2053-07-13_13:47:01 -1.953434115801355E8 -4.683645842407186E7 -2.73054059937364E9
2053-08-13_08:57:34 -2.127819969117383E8 -5.449374569818829E7 -2.7292609279711595E9
2053-09-13_04:08:08 -2.3012740461535996E8 -6.2107128747093834E7 -2.727870766956668E9
2053-10-13_23:18:41 -2.4746652977693358E8 -6.972492181509498E7 -2.7263434658096237E9
2053-11-13_17:29:15 -2.6487634324039814E8 -7.736985977485989E7 -2.7246921356755805E9
2053-12-14_12:39:49 -2.8216252622712463E8 -8.496244010176158E7 -2.7229164437342577E9
2054-01-14_07:50:22 -2.9955093081459343E8 -9.260687138864465E7 -2.7210131604596934E9
2054-02-14_03:00:56 -3.1683018252279025E8 -1.0020023679369226E8 -2.718982932899304E9
2054-03-16_22:11:29 -3.3417868124964905E8 -1.0783114312454742E8 -2.7168153397949214E9
2054-04-16_18:22:03 -3.514334020826658E8 -1.1541714547563462E8 -2.714543635386269E9
2054-05-17_13:32:37 -3.687690740051044E8 -1.230459837656088E8 -2.7121193898607135E9
2054-06-17_08:43:10 -3.859837238443908E8 -1.3061793296535888E8 -2.709597877610299E9
2054-07-18_03:53:44 -4.0318251220072293E8 -1.38190918343695E8 -2.7069378226034203E9
2054-08-17_23:04:17 -4.204445253321114E8 -1.457868990717797E8 -2.7041522393542123E9
2054-09-17_18:14:51 -4.3759862350697756E8 -1.5333725324135986E8 -2.701246383217347E9
2054-10-18_13:25:25 -4.548235922749501E8 -1.6092668286139822E8 -2.6982101115479965E9
2054-11-18_07:35:58 -4.7193367832435244E8 -1.6846172635524213E8 -2.695053517030936E9
2054-12-19_02:46:32 -4.890817487482468E8 -1.7602153988618946E8 -2.6917603923864923E9
2055-01-18_21:57:05 -5.0615345938441354E8 -1.8354300407205296E8 -2.6883692282722363E9
2055-02-18_17:07:39 -5.2319048258079267E8 -1.9105794189447102E8 -2.684841899741252E9
2055-03-21_12:18:13 -5.402917448249964E8 -1.9859544397891197E8 -2.6811862181132574E9
2055-04-21_08:28:46 -5.572782275911403E8 -2.0609186937157664E8 -2.6774130180303288E9
2055-05-22_03:39:20 -5.743549941616774E8 -2.1362213031015083E8 -2.6735043773685403E9
2055-06-21_22:49:53 -5.912899750383084E8 -2.2109195389989683E8 -2.669487066182766E9
2055-07-22_18:00:27 -6.082791676968899E8 -2.2859446107325995E8 -2.6653399721868296E9
2055-08-22_13:11:01 -6.251635376965268E8 -2.3604608129998547E8 -2.661074385487088E9
2055-09-22_08:21:34 -6.420885915269724E8 -2.4352435251852897E8 -2.656666619917368E9
2055-10-23_03:32:08 -6.589062779127262E8 -2.5094981346385562E8 -2.652177668307528E9
2055-11-22_21:42:41 -6.756954759242072E8 -2.5837244036512253E8 -2.647549100419785E9
2055-12-23_16:53:15 -6.925130101677424E8 -2.6580101092289025E8 -2.6428009545812907E9
2056-01-23_12:03:49 -7.092303550923567E8 -2.7319565254681945E8 -2.6379337390770574E9
2056-02-23_07:14:22 -7.260094845226954E8 -2.8061019007098377E8 -2.632935778525241E9
2056-03-25_02:24:56 -7.426621676003383E8 -2.879720910817703E8 -2.6278304082594247E9
2056-04-24_22:35:29 -7.593606110806717E8 -2.9536312509982E8 -2.6225957703619947E9
2056-05-25_17:46:03 -7.759697912616283E8 -3.027091551862731E8 -2.6172407485856137E9
2056-06-25_12:56:37 -7.925897144359456E8 -3.100694772028789E8 -2.611749181709773E9
2056-07-26_08:07:10 -8.091008620590552E8 -3.173757311352531E8 -2.6061862607816706E9
2056-08-26_03:17:44 -8.255749928898656E8 -3.246760123009835E8 -2.6004833628085394E9
2056-09-25_22:28:17 -8.420897400965083E8 -3.319867977851594E8 -2.594655146653771E9
2056-10-26_17:38:51 -8.584777107548931E8 -3.3925276625838274E8 -2.5887204901260657E9
2056-11-26_11:49:25 -8.74920229672701E8 -3.4653516683805656E8 -2.5826575975117927E9
2056-12-27_06:59:58 -8.912105447756004E8 -3.537525719738001E8 -2.5764980754346657E9
2057-01-27_02:10:32 -9.075522372664086E8 -3.610030157590507E8 -2.570184110923652E9
2057-02-26_21:21:05 -9.237939231501547E8 -3.682025296424893E8 -2.563802621513831E9
2057-03-29_17:31:39 -9.400490436232096E8 -3.7541834666213036E8 -2.5572572510064697E9
2057-04-29_12:42:13 -9.562179152512034E8 -3.825890611438436E8 -2.550640395330248E9
2057-05-30_07:52:46 -9.723198913608048E8 -3.897414103486944E8 -2.5438930428996925E9
2057-06-30_03:03:20 -9.884539665863827E8 -3.968999476256503E8 -2.5370223553477407E9
2057-07-30_22:13:53 -1.0044576852415184E9 -4.040126706780026E8 -2.5300507796754E9
2057-08-30_17:24:27 -1.0205086747283273E9 -4.111371833531665E8 -2.5229518280582952E9
2057-09-30_12:35:01 -1.0364228893348869E9 -4.182045902187561E8 -2.51575457347125E9
2057-10-31_06:45:34 -1.0523674840392206E9 -4.252957013197739E8 -2.5084325102059593E9
2057-12-01_01:56:08 -1.0681738365232421E9 -4.32318989871769E8 -2.501017649995179E9
2057-12-31_21:06:41 -1.0840111758877745E9 -4.39366603047525E8 -2.493449200060292E9
2058-01-31_16:17:15 -1.0997424961548429E9 -4.463597152579979E8 -2.4858278665377793E9
2058-03-03_11:27:49 -1.1154179958820193E9 -4.5333991197866285E8 -2.478068422865798E9
2058-04-03_07:38:22 -1.1311193777578368E9 -4.6032278144829834E8 -2.470189518485488E9
2058-05-04_02:48:56 -1.146706883248064E9 -4.6726755141127217E8 -2.462205955928719E9
2058-06-03_21:59:29 -1.1623131416534956E9 -4.742109908537075E8 -2.454102886039784E9
2058-07-04_17:10:03 -1.1777801308882117E9 -4.810961799858407E8 -2.4459093111983056E9
2058-08-04_12:20:37 -1.193258140199182E9 -4.8799760533507526E8 -2.4375683903832493E9
2058-09-04_07:31:10 -1.2086373301251123E9 -4.9484681820379144E8 -2.4291771847703705E9
2058-10-05_02:41:44 -1.2240057136353273E9 -5.0170337284227455E8 -2.4206198584243402E9
2058-11-04_20:52:17 -1.2392700889155223E9 -5.085053905841811E8 -2.4120180036083117E9
2058-12-05_16:02:51 -1.254451012785851E9 -5.152831180632191E8 -2.403292304139647E9
2059-01-05_11:13:25 -1.2696697388993948E9 -5.220678989666302E8 -2.3944380127491264E9
2059-02-05_06:23:58 -1.2847565826756105E9 -5.2879612258719414E8 -2.38549507470488E9
2059-03-08_01:34:32 -1.2998658671807468E9 -5.3554638609386194E8 -2.376423944763937E9
2059-04-07_21:45:05 -1.3148371643949454E9 -5.422276324947665E8 -2.3672675943137918E9
2059-05-08_16:55:39 -1.3298275034607494E9 -5.489291683155435E8 -2.357952982122086E9
2059-06-08_12:06:13 -1.3446957648245337E9 -5.555676606342171E8 -2.3486125967801743E9
2059-07-09_07:16:46 -1.3595548683747818E9 -5.622147797297285E8 -2.3390968443470316E9
2059-08-09_02:27:20 -1.3743052320452392E9 -5.688045552816387E8 -2.3295488904669127E9
2059-09-08_21:37:53 -1.3889752931817687E9 -5.753720388495977E8 -2.3198729015606217E9
2059-10-09_16:48:27 -1.4036729001807106E9 -5.819413599678011E8 -2.310073510923241E9
2059-11-09_10:59:01 -1.418225798679688E9 -5.884492091602478E8 -2.300192710671229E9
2059-12-10_06:09:34 -1.4327699624957888E9 -5.949647725183582E8 -2.2902055633595266E9
2060-01-10_01:20:08 -1.4472046881758294E9 -6.014236448135122E8 -2.2801169830493784E9
2060-02-09_20:30:41 -1.4616234422085342E9 -6.078881724780022E8 -2.2698889123079243E9
2060-03-11_15:41:15 -1.4759407662837496E9 -6.142979032427663E8 -2.259630568142885E9
2060-04-11_11:51:49 -1.4901806132618558E9 -6.206871943365259E8 -2.249240752107011E9
2060-05-12_07:02:22 -1.504444859911518E9 -6.27076184444461E8 -2.238723837878198E9
2060-06-12_02:12:56 -1.5185466710540178E9 -6.334078289215022E8 -2.228139658158811E9
2060-07-12_21:23:29 -1.532668953479365E9 -6.397375095933349E8 -2.217433953758245E9
2060-08-12_16:34:03 -1.5466432921474004E9 -6.460035497577881E8 -2.2066531325382767E9
2060-09-12_11:44:37 -1.560618699804153E9 -6.522835242121793E8 -2.195755927646201E9
2060-10-13_06:55:10 -1.574463773739994E9 -6.584963251078403E8 -2.184775444595101E9
2060-11-13_01:05:44 -1.588283541351834E9 -6.647111625938804E8 -2.173657858492544E9
2060-12-13_20:16:17 -1.6019877528723955E9 -6.708646327967523E8 -2.1625313169844074E9
2061-01-13_15:26:51 -1.6156228839466429E9 -6.770017234956604E8 -2.151261996413643E9
2061-02-13_10:37:25 -1.6292569452615073E9 -6.831267890200113E8 -2.1398825725295289E9
2061-03-16_05:47:58 -1.6427450325807824E9 -6.892021526193764E8 -2.1284289464207647E9
2061-04-16_01:58:32 -1.6562451896953752E9 -6.952712551899439E8 -2.11685647770969E9
2061-05-16_21:09:05 -1.669611967717134E9 -7.012829339806194E8 -2.1051990055341887E9
2061-06-16_16:19:39 -1.6829556619975073E9 -7.072985846690183E8 -2.0934439427027938E9
2061-07-17_11:30:13 -1.696166593620807E9 -7.132453689506814E8 -2.081610114419874E9
2061-08-17_06:40:46 -1.7093420225299218E9 -7.191902617035476E8 -2.0696427399717894E9
2061-09-17_01:51:20 -1.7224217526795866E9 -7.250817742542945E8 -2.057657158922921E9
2061-10-17_21:01:53 -1.7354062389590209E9 -7.309460252581044E8 -2.0455476325322294E9
2061-11-17_15:12:27 -1.748383380970602E9 -7.367949014401134E8 -2.0333340779517777E9
2061-12-18_10:23:01 -1.7611961153957863E9 -7.425865401570367E8 -2.0210671661625135E9
2062-01-18_05:33:34 -1.7740277658650966E9 -7.483742411071879E8 -2.00866757088224E9
2062-02-18_00:44:08 -1.7867090136173165E9 -7.540971138577012E8 -1.9962055879273865E9
2062-03-20_19:54:41 -1.799376418322226E9 -7.598283958201693E8 -1.9836346666254737E9
2062-04-20_16:05:15 -1.8119077469882567E9 -7.654886197604107E8 -1.9709905431846828E9
2062-05-21_11:15:49 -1.8244094327374494E9 -7.7115019777451E8 -1.958200608761735E9
2062-06-21_06:26:22 -1.8368040594837642E9 -7.76752754523408E8 -1.9454134430118134E9
2062-07-22_01:36:56 -1.8490938739521475E9 -7.823242924686755E8 -1.9325087338847597E9
2062-08-21_20:47:29 -1.8613693986729474E9 -7.878768624610126E8 -1.9195038151817658E9
2062-09-21_15:58:03 -1.8734960440126445E9 -7.93379355638987E8 -1.9064353442085578E9
2062-10-22_11:08:37 -1.885616711258469E9 -7.988665521204448E8 -1.8932550604249513E9
2062-11-22_05:19:10 -1.8975849970515807E9 -8.042879676253569E8 -1.8800173796505213E9
2062-12-23_00:29:44 -1.9095168346510363E9 -8.097084134405113E8 -1.8666944803936818E9
2063-01-22_19:40:17 -1.9213261485276945E9 -8.150630651164335E8 -1.8532851266798985E9
2063-02-22_14:50:51 -1.933080117308674E9 -8.204083371015297E8 -1.8397532145988727E9
2063-03-25_11:01:25 -1.9447458802523568E9 -8.257021847095326E8 -1.8262130711516857E9
2063-04-25_06:11:58 -1.9563089931200507E9 -8.309663092634331E8 -1.812548863816814E9
2063-05-26_01:22:32 -1.967848872037271E9 -8.362070536473013E8 -1.7987959037582057E9
2063-06-25_20:33:05 -1.979229650291693E9 -8.413936664865303E8 -1.7849888132893822E9
2063-07-26_15:43:39 -1.9905935776855795E9 -8.46559096189701E8 -1.7710834028127675E9
2063-08-26_10:54:13 -2.0018129402094848E9 -8.516633404106991E8 -1.7571124246855617E9
2063-09-26_06:04:46 -2.012998650924663E9 -8.567673885432631E8 -1.7430514803761797E9
2063-10-27_01:15:20 -2.0240394097127774E9 -8.617956221512556E8 -1.72893421815259E9
2063-11-26_19:25:53 -2.035026349673828E9 -8.668153447803159E8 -1.7146872079329643E9
2063-12-27_14:36:27 -2.0459094042005107E9 -8.717763275744762E8 -1.7004636403336966E9
2064-01-27_09:47:01 -2.0566831433430104E9 -8.767049912324383E8 -1.686120450912078E9
2064-02-27_04:57:34 -2.0674410472279916E9 -8.816130905673217E8 -1.6716761661410086E9
2064-03-29_00:08:08 -2.078043191615326E9 -8.864544682716876E8 -1.6571840885302985E9
2064-04-28_20:18:41 -2.088611913487123E9 -8.912955649330432E8 -1.642600162218488E9
2064-05-29_15:29:15 -2.09905194192265E9 -8.960679170809218E8 -1.6279368052668538E9
2064-06-29_10:39:49 -2.1094397512462957E9 -9.008323726267812E8 -1.6132095212904062E9
2064-07-30_05:50:22 -2.119681176152298E9 -9.055198519642026E8 -1.5984312296184704E9
2064-08-30_01:00:56 -2.1298598033860934E9 -9.10195247492899E8 -1.583529776929979E9
2064-09-29_20:11:29 -2.1399507144661105E9 -9.148184311833241E8 -1.5686374042404594E9
2064-10-30_14:22:03 -2.149913898934067E9 -9.194016121898152E8 -1.5536522617857134E9
2064-11-30_09:32:37 -2.1598398744516916E9 -9.239544634678788E8 -1.5385901199575644E9
2064-12-31_04:43:10 -2.169622198852746E9 -9.284457142638011E8 -1.5234687974052827E9
2065-01-30_23:53:44 -2.1793654253038716E9 -9.329345814774895E8 -1.5082623901867473E9
2065-03-02_19:04:17 -2.1889652751143107E9 -9.373477854112825E8 -1.4930017524434521E9
2065-04-02_15:14:51 -2.1984867937274985E9 -9.417422484313744E8 -1.4776408604081948E9
2065-05-03_10:25:25 -2.2079411124896092E9 -9.46093219084551E8 -1.4622608755557704E9
2065-06-03_05:35:58 -2.217276835948347E9 -9.504083440501643E8 -1.4467644060995998E9
2065-07-04_00:46:32 -2.2265303171859865E9 -9.546732082668399E8 -1.4312774072860317E9
2065-08-03_19:57:05 -2.2356484643054075E9 -9.588949478239927E8 -1.4157067915912404E9
2065-09-03_15:07:39 -2.244737267589307E9 -9.630893921134797E8 -1.4000470636958227E9
2065-10-04_10:18:13 -2.2536686566526756E9 -9.672161160172646E8 -1.3843538575703132E9
2065-11-04_04:28:46 -2.262555428396355E9 -9.713383793763704E8 -1.3685825059575105E9
2065-12-04_23:39:20 -2.271287002779426E9 -9.753791891715584E8 -1.3527839437444496E9
2066-01-04_18:49:53 -2.2799429988243403E9 -9.794029705834748E8 -1.3368740868715184E9
2066-02-04_14:00:27 -2.288524958003169E9 -9.833797551908381E8 -1.3209658590856872E9
2066-03-07_09:11:01 -2.296988105007725E9 -9.873207538464417E8 -1.3049354617487483E9
2066-04-07_05:21:34 -2.305373858154418E9 -9.912132107850207E8 -1.2889162882232475E9
2066-05-08_00:32:08 -2.313630217807988E9 -9.950652773272732E8 -1.27279849082336E9
2066-06-07_19:42:41 -2.3218414863773437E9 -9.988828329169067E8 -1.25662216970735E9
2066-07-08_14:53:15 -2.3298951233645597E9 -1.0026324639745997E9 -1.240417469715686E9
2066-08-08_10:03:49 -2.3378991049949737E9 -1.0063757203002529E9 -1.2241421833162677E9
2066-09-08_05:14:22 -2.3457569648391104E9 -1.0100409801522621E9 -1.207824627340279E9
2066-10-09_00:24:56 -2.3535216358330464E9 -1.0136817266901945E9 -1.1914268701380079E9
2066-11-08_18:35:29 -2.3612158745140653E9 -1.0172766865812105E9 -1.1750337906836977E9
2066-12-09_13:46:03 -2.368759317393934E9 -1.0208221048105192E9 -1.1585860369340591E9
2067-01-09_08:56:37 -2.3762689663195677E9 -1.0243374878167948E9 -1.142060937598721E9
2067-02-09_04:07:10 -2.383617354703902E9 -1.0277989020416316E9 -1.12550145991085E9
2067-03-11_23:17:44 -2.3909276548395343E9 -1.0312284425661256E9 -1.1088712181084566E9
2067-04-11_19:28:17 -2.398080322885984E9 -1.03458953274866E9 -1.0922177203728726E9
2067-05-12_14:38:51 -2.4051868886851287E9 -1.0379467140482458E9 -1.0754811811106234E9
2067-06-12_09:49:25 -2.4121363274429617E9 -1.0412204673670809E9 -1.0587363113615462E9
2067-07-13_04:59:58 -2.418992712364214E9 -1.0444697672139254E9 -1.041906968350842E9
2067-08-13_00:10:32 -2.4257792409560947E9 -1.0476732345711815E9 -1.0250917077029405E9
2067-09-12_19:21:05 -2.4324169338740273E9 -1.0508281017173264E9 -1.0082163849071529E9
2067-10-13_14:31:39 -2.4390143777402606E9 -1.0539498335239228E9 -9.912780528191528E8
2067-11-13_08:42:13 -2.44544659560626E9 -1.0570159390592852E9 -9.743193929626468E8
2067-12-14_03:52:46 -2.4518263119324546E9 -1.060043672867476E9 -9.57330828992737E8
2068-01-13_23:03:20 -2.4580624265445266E9 -1.063008895470974E9 -9.402841411485542E8
2068-02-13_18:13:53 -2.464237866457088E9 -1.0659639044413381E9 -9.231955291804067E8
2068-03-15_13:24:27 -2.4702650932311144E9 -1.0688391291277947E9 -9.06081691862622E8
2068-04-15_09:35:01 -2.4761944144121804E9 -1.0716877861988486E9 -8.888943334510119E8
2068-05-16_04:45:34 -2.4820649829986396E9 -1.0744951805079448E9 -8.716983108525835E8
2068-06-15_23:56:08 -2.48777750652631E9 -1.0772500067606616E9 -8.544758007201657E8
2068-07-16_19:06:41 -2.493443796355258E9 -1.0799688579045448E9 -8.37197169700144E8
2068-08-16_14:17:15 -2.498946703071038E9 -1.082632899155637E9 -8.199048491666291E8
2068-09-16_09:27:49 -2.5044023173478537E9 -1.0852605362113693E9 -8.025688078997879E8
2068-10-17_04:38:22 -2.5097059534858265E9 -1.0878219425587463E9 -7.852024722833608E8
2068-11-16_22:48:56 -2.514947006283143E9 -1.090372433405195E9 -7.678041649749331E8
2068-12-17_17:59:29 -2.5200350035711646E9 -1.0928406680740042E9 -7.504090356414694E8
2069-01-17_13:10:03 -2.5250265590567837E9 -1.0952830090986674E9 -7.329281733190298E8
2069-02-17_08:20:37 -2.529955788445296E9 -1.0976823187040987E9 -7.154634679780271E8
2069-03-20_03:31:10 -2.5347320337394876E9 -1.100031176726157E9 -6.979577745227859E8
2069-04-19_23:41:44 -2.5394592259596143E9 -1.102342742032355E9 -6.80405197315084E8
2069-05-20_18:52:17 -2.544030693750557E9 -1.1046027191244378E9 -6.6282093985388E8
2069-06-20_14:02:51 -2.548547422805393E9 -1.1068229149964793E9 -6.45226066174321E8
2069-07-21_09:13:25 -2.552912261888585E9 -1.1089768012692673E9 -6.276058200997823E8
2069-08-21_04:23:58 -2.557213831646879E9 -1.111119465252708E9 -6.099615332339702E8
2069-09-20_23:34:32 -2.5613677982586074E9 -1.1131819801801362E9 -5.923017977911664E8
2069-10-21_18:45:05 -2.5654158852606187E9 -1.115214481130401E9 -5.745947274113772E8
2069-11-21_12:55:39 -2.569407047939676E9 -1.1172061358172824E9 -5.568981754403477E8
2069-12-22_08:06:13 -2.5732369317649755E9 -1.1191436944909155E9 -5.391970962539352E8
2070-01-22_03:16:46 -2.57702224622998E9 -1.1210457272066376E9 -5.214351317479439E8
2070-02-21_22:27:20 -2.5806480363315077E9 -1.1228944832434912E9 -5.03669297680311E8
2070-03-24_17:37:53 -2.584223525649868E9 -1.124705136903452E9 -4.858782651834669E8
2070-04-24_13:48:27 -2.5876474849655347E9 -1.1264497267245784E9 -4.680663223410162E8
2070-05-25_08:59:01 -2.591011216107513E9 -1.128184340138157E9 -4.502152102365549E8
2070-06-25_04:09:34 -2.594224287936552E9 -1.129837246417417E9 -4.3237940906301045E8
2070-07-25_23:20:08 -2.597330581584929E9 -1.1314596388955302E9 -4.145006867698668E8
2070-08-25_18:30:41 -2.600381982854069E9 -1.133042006734179E9 -3.966395058369434E8
2070-09-25_13:41:15 -2.6032765273328047E9 -1.134572069340399E9 -3.7875497079032576E8
2070-10-26_07:51:49 -2.606120501594063E9 -1.136063944550004E9 -3.6084373066321903E8
2070-11-26_03:02:22 -2.6088096133613553E9 -1.1374883421260536E9 -3.4295646811725616E8
2070-12-26_22:12:56 -2.6114386329227633E9 -1.138902540260379E9 -3.2502853098324084E8
2071-01-26_17:23:29 -2.613922535409966E9 -1.1402372750770972E9 -3.070844965098536E8
2071-02-26_12:34:03 -2.6162968004771733E9 -1.1415403344762318E9 -2.8912927087999445E8
2071-03-29_08:44:37 -2.6186181789315963E9 -1.1428042447169123E9 -2.7117989703078115E8
2071-04-29_03:55:10 -2.620787583382654E9 -1.1440177837448125E9 -2.5316897637067804E8
2071-05-29_23:05:44 -2.622902444028564E9 -1.1451914424457362E9 -2.3519794407076246E8
2071-06-29_18:16:17 -2.6248604635449734E9 -1.1463126305559793E9 -2.172126054215256E8
2071-07-30_13:26:51 -2.626766850538339E9 -1.1473951783024335E9 -1.9921781731747234E8
2071-08-30_08:37:25 -2.6285231161950607E9 -1.1484121880510812E9 -1.8120815745609036E8
2071-09-30_03:47:58 -2.6302155251770387E9 -1.1494173210580113E9 -1.6320087806884366E8
2071-10-30_21:58:32 -2.631763573139593E9 -1.150343193995E9 -1.4518873019714463E8
2071-11-30_17:09:05 -2.6332019541058974E9 -1.151237220419169E9 -1.2718457926423888E8
2071-12-31_12:19:39 -2.6345899202649255E9 -1.1520931514689507E9 -1.0916537489903061E8
2072-01-31_07:30:13 -2.6358233948562136E9 -1.152897529579381E9 -9.113867574774584E7
2072-03-02_02:40:46 -2.637005109666728E9 -1.153663125990602E9 -7.310284330888335E7
2072-04-01_22:51:20 -2.6380309282230716E9 -1.1543766501732259E9 -5.507117209587631E7
2072-05-02_18:01:53 -2.639005975950558E9 -1.1550518547824273E9 -3.7014811544958286E7
2072-06-02_13:12:27 -2.6398308730228305E9 -1.155661337386763E9 -1.8970350820765354E7
2072-07-03_08:23:01 -2.6405931253535323E9 -1.15625951849246E9 -937674.5697547646
2072-08-03_03:33:34 -2.6412119212878733E9 -1.1567786853865619E9 1.7097401690173265E7
2072-09-02_22:44:08 -2.6417217360117183E9 -1.1572661275992322E9 3.513473886482331E7
2072-10-03_17:54:41 -2.642181269308155E9 -1.1577156152614841E9 5.3168952491246134E7
2072-11-03_12:05:15 -2.6424860313709683E9 -1.1581131749579258E9 7.119759179380566E7
2072-12-04_07:15:49 -2.642739776660595E9 -1.15847239931194E9 8.921284568236302E7
2073-01-04_02:26:22 -2.642838452705838E9 -1.1587796183220446E9 1.0723791739972301E8
2073-02-03_21:36:56 -2.642887103878984E9 -1.1590489528116305E9 1.2525466804706658E8
2073-03-06_16:47:29 -2.6427858823763E9 -1.1592528125173678E9 1.432809728244148E8
2073-04-06_12:58:03 -2.642624241541633E9 -1.1594457159858842E9 1.6128670794003552E8
2073-05-07_08:08:37 -2.6423178455124607E9 -1.1595593741634953E9 1.7931769471165088E8
2073-06-07_03:19:10 -2.641904536789728E9 -1.1596419461306684E9 1.9731424521688837E8
2073-07-07_22:29:44 -2.6414415983696804E9 -1.1596869372993436E9 2.1531392763387293E8
2073-08-07_17:40:17 -2.640823882249007E9 -1.1596797239182916E9 2.3328742320744696E8
2073-09-07_12:50:51 -2.6401547766899424E9 -1.1596341239873931E9 2.5127816880832127E8
2073-10-08_08:01:25 -2.639332563734736E9 -1.1595371056683125E9 2.692454715774687E8
2073-11-08_02:11:58 -2.6384615120118365E9 -1.159402827652038E9 2.8719547205354357E8
2073-12-08_21:22:32 -2.637442574784936E9 -1.1592040022032404E9 3.051274584056473E8
2074-01-08_16:33:05 -2.6363626435130486E9 -1.1589936052923777E9 3.230556906569494E8
2074-02-08_11:43:39 -2.635139748323766E9 -1.1587048689312932E9 3.4097763582347524E8
2074-03-11_06:54:13 -2.6338097817045145E9 -1.1583846405244603E9 3.5888479796204776E8
2074-04-11_03:04:46 -2.632429814867868E9 -1.1580268572173738E9 3.767941346855694E8
2074-05-11_22:15:20 -2.6308936439351077E9 -1.1576158325224297E9 3.947044560738967E8
2074-06-11_17:25:53 -2.629311463279904E9 -1.1571691407301037E9 4.1257660480334985E8
2074-07-12_12:36:27 -2.627576171114166E9 -1.1566706257737226E9 4.3043491547076905E8
2074-08-12_07:47:01 -2.6257934164722686E9 -1.1561356379998765E9 4.482675986974888E8
2074-09-12_02:57:34 -2.6238594159473195E9 -1.1555346245409656E9 4.6610301602697206E8
2074-10-12_22:08:08 -2.6218687028412285E9 -1.154923489330599E9 4.83901581118198E8
2074-11-12_16:18:41 -2.6197354454421816E9 -1.1542343627565007E9 5.016906902053966E8
2074-12-13_11:29:15 -2.617501238435693E9 -1.1535160693947804E9 5.194287622583542E8
2075-01-13_06:39:49 -2.6152120609188466E9 -1.1527583034605389E9 5.371952108090867E8
2075-02-13_01:50:22 -2.6127718196613736E9 -1.1519492226927197E9 5.549316758289429E8
2075-03-15_21:00:56 -2.6102848268835354E9 -1.151104250740618E9 5.726445305529795E8
2075-04-15_17:11:29 -2.6076442310004554E9 -1.1502069353717296E9 5.903408713455693E8
2075-05-16_12:22:03 -2.604953492735904E9 -1.1492722105545003E9 6.080267494549658E8
2075-06-16_07:32:37 -2.6021188790947633E9 -1.1482745367509086E9 6.25679261191938E8
2075-07-17_02:43:10 -2.5992266873936286E9 -1.1472661308256512E9 6.433010248648876E8
2075-08-16_21:53:44 -2.5961927074814563E9 -1.1461801612485845E9 6.609083396586231E8
2075-09-16_17:04:17 -2.5930600929406195E9 -1.1450656950408645E9 6.784660512748778E8
2075-10-17_12:14:51 -2.5898685106959457E9 -1.143910264979051E9 6.960472700461277E8
2075-11-17_06:25:25 -2.5865311844437337E9 -1.1427053253881898E9 7.135815247954309E8
2075-12-18_01:35:58 -2.5831567454936523E9 -1.1414691221411438E9 7.310497333701389E8
2076-01-17_20:46:32 -2.579619352444234E9 -1.14017598619331E9 7.48540754037331E8
2076-02-17_15:57:05 -2.576041299182506E9 -1.1388503820827343E9 7.659787720861229E8
2076-03-19_11:07:39 -2.5723152963173594E9 -1.1374589936530445E9 7.834049642766398E8
2076-04-19_07:18:13 -2.5685346905836267E9 -1.1360582152770019E9 8.007918562795773E8
2076-05-20_02:28:46 -2.564606214715507E9 -1.1345775262856257E9 8.181854699703982E8
2076-06-19_21:39:20 -2.5605886101139765E9 -1.1330719849410005E9 8.354969522395664E8
2076-07-20_16:49:53 -2.556510327913044E9 -1.131524980562136E9 8.528296239351974E8
2076-08-20_12:00:27 -2.5522889369839907E9 -1.1299294020244424E9 8.701085045662819E8
2076-09-20_07:11:01 -2.548027411189584E9 -1.128301325616619E9 8.873372010265974E8
2076-10-21_02:21:34 -2.543608428303889E9 -1.126618290364175E9 9.045609792522233E8
2076-11-20_20:32:08 -2.539152105246986E9 -1.1249046264657488E9 9.217233402601794E8
2076-12-21_15:42:41 -2.534555355490027E9 -1.1231282729453135E9 9.388473333925031E8
2077-01-21_10:53:15 -2.529858844429954E9 -1.1213221534042294E9 9.559319818691883E8
2077-02-21_06:03:49 -2.525103816242228E9 -1.11947595168957E9 9.730267527862048E8
2077-03-24_01:14:22 -2.5202164786619678E9 -1.1175852692090895E9 9.900360601871758E8
2077-04-23_21:24:56 -2.515265138855979E9 -1.115652057315938E9 1.0070685848091525E9
2077-05-24_16:35:29 -2.5101671135606756E9 -1.1136681967074037E9 1.0240628009422797E9
2077-06-24_11:46:03 -2.5050407643616576E9 -1.1116573382677174E9 1.0409756526029847E9
2077-07-25_06:56:37 -2.4997564964877315E9 -1.109590809222322E9 1.0578800554678856E9
2077-08-25_02:07:10 -2.4944393695303845E9 -1.107495922161523E9 1.0747152178601968E9
2077-09-24_21:17:44 -2.488975126568301E9 -1.1053355274522092E9 1.091529083739704E9
2077-10-25_16:28:17 -2.483460181339059E9 -1.10316640083911E9 1.108293880303298E9
2077-11-25_10:38:51 -2.4778058484616404E9 -1.1009216977328541E9 1.1250306179063852E9
2077-12-26_05:49:25 -2.4720756946328053E9 -1.09865684335096E9 1.1416631560668895E9
2078-01-26_00:59:58 -2.466268773818673E9 -1.0963443713547418E9 1.1583431041481724E9
2078-02-25_20:10:32 -2.4603287044912877E9 -1.0939865548390875E9 1.1749541200028377E9
2078-03-28_16:21:05 -2.4543551331713605E9 -1.091599931996634E9 1.1914986536844456E9
2078-04-28_11:31:39 -2.4482198159222937E9 -1.0891418665508304E9 1.208054192125712E9
2078-05-29_06:42:13 -2.442055303359948E9 -1.0866845440036533E9 1.22451005410743E9
2078-06-29_01:52:46 -2.4357490515018935E9 -1.0841504137838972E9 1.2409412214358518E9
2078-07-29_21:03:20 -2.4293594168683343E9 -1.0815923673407097E9 1.2572950084471378E9
2078-08-29_16:13:53 -2.4229042488678837E9 -1.0789920410390928E9 1.2736568374961228E9
2078-09-29_11:24:27 -2.416334989223187E9 -1.0763538448104966E9 1.2899088275170684E9
2078-10-30_05:35:01 -2.409692877222145E9 -1.0736704329333348E9 1.3061844704272282E9
2078-11-30_00:45:34 -2.4029329460952682E9 -1.07094760290419E9 1.322361332910876E9
2078-12-30_19:56:08 -2.3961332591128273E9 -1.0681937163642389E9 1.3384869470656338E9
2079-01-30_15:06:41 -2.389181335831239E9 -1.0653731328832877E9 1.3545957413638585E9
2079-03-02_10:17:15 -2.382198684648472E9 -1.062550632675052E9 1.3706168091732044E9
2079-04-02_06:27:49 -2.375071134201249E9 -1.0596510951876186E9 1.3866168263347054E9
2079-05-03_01:38:22 -2.3678578702670174E9 -1.0567260133460519E9 1.4025490149925466E9
2079-06-02_20:48:56 -2.360586690830776E9 -1.0537624545222906E9 1.4184662132994716E9
2079-07-03_15:59:29 -2.353210990646045E9 -1.0507645527545357E9 1.4342635788873987E9
2079-08-03_11:10:03 -2.3457622305236955E9 -1.0477218304953678E9 1.4500756577358344E9
2079-09-03_06:20:37 -2.338181706446173E9 -1.0446330194279263E9 1.4658213758449366E9
2079-10-04_01:31:10 -2.330580888960572E9 -1.0415220125107008E9 1.4814766425490901E9
2079-11-03_19:41:44 -2.3228330198308663E9 -1.038346473986547E9 1.4971035374175558E9
2079-12-04_14:52:17 -2.3150631995945697E9 -1.0351723351176944E9 1.5126299872582123E9
2080-01-04_10:02:51 -2.3071416644014225E9 -1.0319185902468504E9 1.5281453407574453E9
2080-02-04_05:13:25 -2.299157779969801E9 -1.0286488210819132E9 1.5435535390714345E9
2080-03-06_00:23:58 -2.2910917814510717E9 -1.0253305943034865E9 1.5589852869517872E9
2080-04-05_20:34:32 -2.2829080358744354E9 -1.0219715878099097E9 1.5743280688577535E9
2080-05-06_15:45:05 -2.2746926998955193E9 -1.0185863338939277E9 1.589605127944942E9
2080-06-06_10:55:39 -2.266334100686569E9 -1.0151492455423826E9 1.6048388394459612E9
2080-07-07_06:06:13 -2.2579616596567135E9 -1.0116933668002164E9 1.6199751982668834E9
2080-08-07_01:16:46 -2.24944513724413E9 -1.0081741718719957E9 1.6350762890930362E9
2080-09-06_20:27:20 -2.240896431722811E9 -1.0046512483942766E9 1.6500993876684895E9
2080-10-07_15:37:53 -2.232210898095986E9 -1.0010557512396017E9 1.665081955507148E9
2080-11-07_09:48:27 -2.223470739860378E9 -9.974468247704885E8 1.6799494234986544E9
2080-12-08_04:59:01 -2.2146579469526005E9 -9.937940248719034E8 1.6948175014312243E9
2081-01-08_00:09:34 -2.205720506057625E9 -9.900969313820258E8 1.7096112705129952E9
2081-02-07_19:20:08 -2.1967714287857723E9 -9.863827970534174E8 1.7243121867132325E9
2081-03-10_14:30:41 -2.1876661297012014E9 -9.826104362420229E8 1.7389859410540903E9
2081-04-10_10:41:15 -2.1785550707085466E9 -9.788233771142633E8 1.7535564865483017E9
2081-05-11_05:51:49 -2.169286932946254E9 -9.749673834187609E8 1.768109746396064E9
2081-06-11_01:02:22 -2.160006464432455E9 -9.711154770295703E8 1.782557645621505E9
2081-07-11_20:12:56 -2.1505909794616375E9 -9.671924133579919E8 1.796961340997043E9
2081-08-11_15:23:29 -2.1411298368366735E9 -9.632590408187292E8 1.8112437494550622E9
2081-09-11_10:34:03 -2.1315787512105832E9 -9.59274924381147E8 1.8255445065054111E9
2081-10-12_05:44:37 -2.1219231104145002E9 -9.55254503663476E8 1.8397456861644928E9
2081-11-11_23:55:10 -2.1122620318622086E9 -9.512203346895648E8 1.8538486201736686E9
2081-12-12_19:05:44 -2.1024607854541447E9 -9.471341653187267E8 1.8679003117472687E9
2082-01-12_14:16:17 -2.0926462414611025E9 -9.430313274786079E8 1.8818636055863423E9
2082-02-12_09:26:51 -2.0826905637556548E9 -9.388651206623755E8 1.895784984078851E9
2082-03-15_04:37:25 -2.0727148609729476E9 -9.34699517430641E8 1.9096158462741501E9
2082-04-15_00:47:58 -2.0626060883406596E9 -9.30464253379373E8 1.9233994372021325E9
2082-05-15_19:58:32 -2.0524464784506955E9 -9.262157146422058E8 1.9370752633525794E9
2082-06-15_15:09:05 -2.0422084516965241E9 -9.219221003436911E8 1.9507472820004983E9
2082-07-16_10:19:39 -2.03187310640989E9 -9.175945561832014E8 1.964316176096182E9
2082-08-16_05:30:13 -2.021539080958218E9 -9.132568693613707E8 1.9777818175108788E9
2082-09-16_00:40:46 -2.0110517567435222E9 -9.088607285197717E8 1.991212052933608E9
2082-10-16_19:51:20 -2.0005746135731423E9 -9.044579571994894E8 2.004527322045809E9
2082-11-16_14:01:53 -1.98995256524214E9 -8.99991723418389E8 2.0178030604236882E9
2082-12-17_09:12:27 -1.9793366441034272E9 -8.95535837770108E8 2.0309611744695723E9
2083-01-17_04:23:01 -1.9685734866524658E9 -8.910048917670602E8 2.044087480542965E9
2083-02-16_23:33:34 -1.9577854244483202E9 -8.86471019462148E8 2.0570836061095858E9
2083-03-19_18:44:08 -1.9468994601255913E9 -8.818845843832408E8 2.0700911312693646E9
2083-04-19_14:54:41 -1.9359235816752856E9 -8.772666904166502E8 2.0829920649377575E9
2083-05-20_10:05:15 -1.924939012894594E9 -8.726346785592735E8 2.0958045654893105E9
2083-06-20_05:15:49 -1.913819477950329E9 -8.679515332545584E8 2.1085594836219773E9
2083-07-21_00:26:22 -1.9027173400549092E9 -8.632663624749078E8 2.1211964326900141E9
2083-08-20_19:36:56 -1.891472097960992E9 -8.585169475076839E8 2.133790472580545E9
2083-09-20_14:47:29 -1.8802306349342408E9 -8.537768977625335E8 2.1462757369615235E9
2083-10-21_09:58:03 -1.8688457940237443E9 -8.489641897419313E8 2.158720985721887E9
2083-11-21_04:08:37 -1.8574529510785956E9 -8.441550466270429E8 2.1710257166152024E9
2083-12-21_23:19:10 -1.8459808075046198E9 -8.393021999737011E8 2.183314210296197E9
2084-01-21_18:29:44 -1.8343968487071679E9 -8.344075735537794E8 2.1955245372159443E9
2084-02-21_13:40:17 -1.8228327659433324E9 -8.29511908614666E8 2.2076162212935596E9
2084-03-23_08:50:51 -1.8111327148296795E9 -8.24555576715113E8 2.2196574140167723E9
2084-04-23_05:01:25 -1.799432214496312E9 -8.19606924077614E8 2.231596557116567E9
2084-05-24_00:11:58 -1.7875848312401867E9 -8.145840851412231E8 2.2434974582383437E9
2084-06-23_19:22:32 -1.7757481328136528E9 -8.095723372865858E8 2.255246173315774E9
2084-07-24_14:33:05 -1.76380430979267E9 -8.04505266330103E8 2.2669991380588045E9
2084-08-24_09:43:39 -1.7518451494089038E9 -7.994373207968006E8 2.278585420198699E9
2084-09-24_04:54:13 -1.7397850415375438E9 -7.943171294975429E8 2.290169091926411E9
2084-10-25_00:04:46 -1.7276360050773046E9 -7.891641352039433E8 2.301653551163477E9
2084-11-24_18:15:20 -1.7155155091275418E9 -7.840147354651155E8 2.3130186219472046E9
2084-12-25_13:25:53 -1.7032777561716607E9 -7.78813463523436E8 2.3243134475463777E9
2085-01-25_08:36:27 -1.6910286268419952E9 -7.736128683499023E8 2.3355193959605827E9
2085-02-25_03:47:01 -1.6786509016502562E9 -7.683475747947401E8 2.3466674667907195E9
2085-03-27_23:57:34 -1.66627603096238E9 -7.630890929792237E8 2.3576780964945464E9
2085-04-27_19:08:08 -1.653771964272977E9 -7.57766415829944E8 2.368703491531219E9
2085-05-28_14:18:41 -1.6412835636444223E9 -7.52455703838213E8 2.379546397227637E9
2085-06-28_09:29:15 -1.6286904984714053E9 -7.470918556992004E8 2.3903819682706428E9
2085-07-29_04:39:49 -1.6160154473124235E9 -7.416973840258186E8 2.401117695539369E9
2085-08-28_23:50:22 -1.6033773998699174E9 -7.363109674246472E8 2.4117282849370346E9
2085-09-28_19:00:56 -1.5905993499559734E9 -7.308621652679174E8 2.422287641768202E9
2085-10-29_13:11:29 -1.5778367634998393E9 -7.254260597411226E8 2.432735932596182E9
2085-11-29_08:22:03 -1.5649671728219888E9 -7.199348699782646E8 2.443109277106237E9
2085-12-30_03:32:37 -1.5520905413033352E9 -7.144452965067272E8 2.453358547205193E9
2086-01-29_22:43:10 -1.5391003909190156E9 -7.088991986218642E8 2.46360059332686E9
2086-03-01_17:53:44 -1.5260478943065002E9 -7.033304277176803E8 2.4737295174350824E9
2086-04-01_14:04:17 -1.5130276182210507E9 -6.977685801078161E8 2.4837414282993555E9
2086-05-02_09:14:51 -1.499841989706336E9 -6.921391800185391E8 2.4937181225103836E9
2086-06-02_04:25:25 -1.4867195427476678E9 -6.865298965831413E8 2.503553971045458E9
2086-07-02_23:35:58 -1.4734584060861235E9 -6.808596273211048E8 2.5133348881989827E9
2086-08-02_18:46:32 -1.4602195358331964E9 -6.752027293051571E8 2.523002494729239E9
2086-09-02_13:57:05 -1.4468560973705842E9 -6.694846805531445E8 2.532607293703694E9
2086-10-03_09:07:39 -1.4335131361173236E9 -6.63779284223508E8 2.542073348149721E9
2086-11-03_03:18:13 -1.4200543196948342E9 -6.580172048246187E8 2.551524564285679E9
2086-12-03_22:28:46 -1.406558678264258E9 -6.52242648113298E8 2.560849619272443E9
2087-01-03_17:39:20 -1.3930815961810803E9 -6.464699563778878E8 2.5700701004182477E9
2087-02-03_12:49:53 -1.3794597944925535E9 -6.406377401362755E8 2.5792343466914024E9
2087-03-06_08:00:27 -1.3658890137311978E9 -6.348212111129127E8 2.5882725395702357E9
2087-04-06_04:11:01 -1.3521803866819503E9 -6.289440435275568E8 2.597251410480099E9
2087-05-06_23:21:34 -1.3384819389146504E9 -6.230741146147339E8 2.606128792282432E9
2087-06-06_18:32:08 -1.3246804502597384E9 -6.171533088513236E8 2.6149268749266543E9
2087-07-07_13:42:41 -1.3109075260001736E9 -6.1124764165713E8 2.623587697589894E9
2087-08-07_08:53:15 -1.2970160539043715E9 -6.052852968694993E8 2.6322264656449847E9
2087-09-07_04:03:49 -1.2830737469864955E9 -5.993032301106517E8 2.6407514554666433E9
2087-10-07_23:14:22 -1.2691747504451985E9 -5.933346478381044E8 2.649156944309026E9
2087-11-07_17:24:56 -1.2551458379078088E9 -5.873121511707845E8 2.6574964380494986E9
2087-12-08_12:35:29 -1.2411725285531511E9 -5.813081170398453E8 2.6657097725810995E9
2088-01-08_07:46:03 -1.227053734937386E9 -5.752401450777227E8 2.673864967059084E9
2088-02-08_02:56:37 -1.2129795342562497E9 -5.691934490324714E8 2.681900697135293E9
2088-03-09_22:07:10 -1.1987674643165712E9 -5.630816691847656E8 2.6898748985150657E9
2088-04-09_18:17:44 -1.1846028932556384E9 -5.569923284503052E8 2.697707837197204E9
2088-05-10_13:28:17 -1.1703007454754739E9 -5.508389749436249E8 2.7055188130525355E9
2088-06-10_08:38:51 -1.1559610017782867E9 -5.446706864216108E8 2.7132122160806785E9
2088-07-11_03:49:25 -1.1416800621939836E9 -5.385234893839756E8 2.7207817250204134E9
2088-08-10_22:59:58 -1.127270476240691E9 -5.323219089679503E8 2.728280850105936E9
2088-09-10_18:10:32 -1.1128999897496054E9 -5.261327800228962E8 2.7356645670577264E9
2088-10-11_13:21:05 -1.0984088760972822E9 -5.1989030117876124E8 2.742976037110189E9
2088-11-11_07:31:39 -1.0839678606141763E9 -5.136705730839305E8 2.750166670808088E9
2088-12-12_02:42:13 -1.0694114947827567E9 -5.073964777414172E8 2.7572808450193524E9
2089-01-11_21:52:46 -1.0548909814427599E9 -5.0113882097901464E8 2.7642654277895885E9
2089-02-11_17:03:20 -1.0402522910130727E9 -4.948264465398098E8 2.7712086852474184E9
2089-03-14_12:13:53 -1.0255610304189537E9 -4.884919257805385E8 2.7780450509306374E9
2089-04-14_08:24:27 -1.0109376175370829E9 -4.821829363853078E8 2.784756123354077E9
2089-05-15_03:35:01 -9.961606426524453E8 -4.758080533566438E8 2.791405545566961E9
2089-06-14_22:45:34 -9.814529070559139E8 -4.6945953970706534E8 2.797927736162675E9
2089-07-15_17:56:08 -9.666273602536265E8 -4.630589036988782E8 2.804374047288753E9
2089-08-15_13:06:41 -9.518582800378257E8 -4.5668284054081744E8 2.810699310344149E9
2089-09-15_08:17:15 -9.369544920802065E8 -4.5024486089473546E8 2.816953552018675E9
2089-10-16_03:27:49 -9.221167117445669E8 -4.438357355710283E8 2.82307015549304E9
2089-11-15_21:38:22 -9.071586461813444E8 -4.37371611653186E8 2.829137295182577E9
2089-12-16_16:48:56 -8.921772738577716E8 -4.30897209133238E8 2.835088456609856E9
2090-01-16_11:59:29 -8.772465102025456E8 -4.2444174403588605E8 2.8409234652853327E9
2090-02-16_07:10:03 -8.621882738037608E8 -4.1792954656546545E8 2.8466826042699003E9
2090-03-19_02:20:37 -8.471822333257811E8 -4.114398746676386E8 2.852323050952014E9
2090-04-18_22:31:10 -8.320621441222999E8 -4.048979917763564E8 2.8578837919622455E9
2090-05-19_17:41:44 -8.169830845967165E8 -3.983732945797239E8 2.8633312177241774E9
2090-06-19_12:52:17 -8.017933843344568E8 -3.917981309304801E8 2.8686960029006777E9
2090-07-20_08:02:51 -7.866782211457707E8 -3.852545403162553E8 2.873926538128443E9
2090-08-20_03:13:25 -7.714420099949197E8 -3.786565396544142E8 2.8790984661699057E9
2090-09-19_22:23:58 -7.561695239310005E8 -3.720416964177198E8 2.884161713157514E9
2090-10-20_17:34:32 -7.409694912720388E8 -3.6545605431905276E8 2.8891026454802413E9
2090-11-20_11:45:05 -7.256471284876741E8 -3.588163707784201E8 2.8939608923379397E9
2090-12-21_06:55:39 -7.104084152756262E8 -3.5221117074329054E8 2.8986952863866506E9
2091-01-21_02:06:13 -6.950344516893502E8 -3.455458801481056E8 2.903352270287318E9
2091-02-20_21:16:46 -6.797285399418083E8 -3.3890838497149867E8 2.907881390354445E9
2091-03-23_16:27:20 -6.642972925623682E8 -3.322153774172057E8 2.9123455922468233E9
2091-04-23_12:37:53 -6.489458127959862E8 -3.2555491585385513E8 2.9166719849104075E9
2091-05-24_07:48:27 -6.334513141643533E8 -3.188315269334762E8 2.9209358966601562E9
2091-06-24_02:59:01 -6.179495531107582E8 -3.121029326864623E8 2.925085167727362E9
2091-07-24_22:09:34 -6.02526755697716E8 -3.0540725882183826E8 2.929113275091764E9
2091-08-24_17:20:08 -5.869848597586825E8 -2.986587365518028E8 2.933054740917983E9
2091-09-24_12:30:41 -5.715189298607497E8 -2.919407993791247E8 2.936877393329727E9
2091-10-25_07:41:15 -5.559257467426579E8 -2.851670481133382E8 2.9406163237496395E9
2091-11-25_01:51:49 -5.40416533649913E8 -2.7842693322121215E8 2.9442286680570326E9
2091-12-25_21:02:22 -5.248188589621514E8 -2.7164840694941086E8 2.9477577095406837E9
2092-01-25_16:12:56 -5.092621915529465E8 -2.648845552582183E8 2.951165642489775E9
2092-02-25_11:23:29 -4.9360016268193144E8 -2.5807497348002815E8 2.954492341918295E9
2092-03-27_06:34:03 -4.779220591259846E8 -2.5125551959229305E8 2.9577101821490684E9
2092-04-27_02:44:37 -4.623115972628049E8 -2.444649374736517E8 2.960809778331564E9
2092-05-27_21:55:10 -4.465724052687313E8 -2.3761741020744836E8 2.9638245977768617E9
2092-06-27_17:05:44 -4.309382460037894E8 -2.3081199610258064E8 2.966715605395402E9
2092-07-28_12:16:17 -4.151808980999385E8 -2.2395355747635448E8 2.969518569448385E9
2092-08-28_07:26:51 -3.9951420195485944E8 -2.1713080398206547E8 2.9721990844957848E9
2092-09-28_02:37:25 -3.8373904928510565E8 -2.1026167136115307E8 2.974792262689353E9
2092-10-28_20:47:58 -3.680347614519851E8 -2.0341933408179474E8 2.977264839391546E9
2092-11-28_15:58:32 -3.522551753111459E8 -1.9654521504811496E8 2.9796429708509827E9
2092-12-29_11:09:05 -3.364370482829444E8 -1.896504951440116E8 2.981918667417807E9
2093-01-29_06:19:39 -3.206940482805353E8 -1.827889673537543E8 2.984075939851361E9
2093-03-01_01:30:13 -3.048512192887036E8 -1.7588286918310648E8 2.9861410684357114E9
2093-03-31_21:40:46 -2.890962347083404E8 -1.690105611756686E8 2.9880880922111173E9
2093-05-01_16:51:20 -2.731986449836786E8 -1.6207777015640724E8 2.9899452457909074E9
2093-06-01_12:01:53 -2.574232820700723E8 -1.5519340613159448E8 2.991681760975399E9
2093-07-02_07:12:27 -2.4154316196097794E8 -1.4826517843945596E8 2.993322404910913E9
2093-08-02_02:23:01 -2.2574046967415616E8 -1.413657144149839E8 2.9948497242794023E9
2093-09-01_21:33:34 -2.098423541725167E8 -1.3442665653090942E8 2.9962776255136423E9
2093-10-02_16:44:08 -1.9393553014561334E8 -1.2747900068968502E8 2.997599701529181E9
2093-11-02_10:54:41 -1.7810907147677466E8 -1.2056774728104289E8 2.998807549413624E9
2093-12-03_06:05:15 -1.62212322798435E8 -1.136246579549985E8 2.999916665018642E9
2094-01-03_01:15:49 -1.463849972844991E8 -1.0670649425016573E8 3.0009110964021096E9
2094-02-02_20:26:22 -1.3044478187393285E8 -9.974163839630774E7 3.001809615868786E9
2094-03-05_15:36:56 -1.146092355485752E8 -9.281681233451839E7 3.0025958821777234E9
2094-04-05_11:47:29 -9.867397255241826E7 -8.585117910923503E7 3.0032776254424257E9
2094-05-06_06:58:03 -8.27034475846247E7 -7.886454927656272E7 3.003858011935218E9
2094-06-06_02:08:37 -6.685682221299503E7 -7.193433366337486E7 3.00432255400045E9
2094-07-06_21:19:10 -5.091315612785658E7 -6.495633380458785E7 3.004687151392984E9
2094-08-06_16:29:44 -3.505394578721123E7 -5.801743144404397E7 3.0049398201424184E9
2094-09-06_11:40:17 -1.9107172568057165E7 -5.10391374893988E7 3.0050931767385554E9
2094-10-07_06:50:51 -3258472.547487684 -4.409736003100425E7 3.005132942124513E9
2094-11-07_01:01:25 1.2697423165335266E7 -3.711246384391443E7 3.0050737124628673E9
2094-12-07_20:11:58 2.851725108214348E7 -3.0180101070428677E7 3.0049083916212125E9
2095-01-07_15:22:32 4.446035963977822E7 -2.3197712224223636E7 3.004630167598611E9
2095-02-07_10:33:05 6.040589785114217E7 -1.6207952207140027E7 3.004251654111757E9
2095-03-10_05:43:39 7.62468134217431E7 -9266564.203889996 3.0037616517431083E9
2095-04-10_01:54:13 9.21782575243614E7 -2279762.935889203 3.003169385254026E9
2095-05-10_21:04:46 1.0804337841444096E8 4674947.997624823 3.00246681387456E9
2095-06-10_16:15:20 1.2396635506410632E8 1.1656210574405836E7 3.001664489517581E9
2095-07-11_11:25:53 1.3978688712035808E8 1.8599865759792484E7 3.000752312296778E9
2095-08-11_06:36:27 1.5570810030965373E8 2.5582802298152596E7 2.9997385333840423E9
2095-09-11_01:47:01 1.715154611094736E8 3.252377024482487E7 2.9986249037715964E9
2095-10-11_20:57:34 1.874094613056022E8 3.9497992961847365E7 2.997390853081558E9
2095-11-11_15:08:08 2.0329735389036623E8 4.647690995756219E7 2.996059594058374E9
2095-12-12_10:18:41 2.190691961421128E8 5.340117978182029E7 2.9946192902405405E9
2096-01-12_05:29:15 2.3493950227119896E8 6.0375310084792934E7 2.993077614501419E9
2096-02-12_00:39:49 2.5070611926743108E8 6.730067293258177E7 2.991428801892096E9
2096-03-13_19:50:22 2.6656741520386687E8 7.426769807500358E7 2.98967623581914E9
2096-04-13_16:00:56 2.823126942750498E8 8.119228921713781E7 2.987829589980243E9
2096-05-14_11:11:29 2.9816564470667136E8 8.815863204495957E7 2.985854174821163E9
2096-06-14_06:22:03 3.138939419988524E8 9.5078986242707E7 2.983798291003069E9
2096-07-15_01:32:37 3.29697501084371E8 1.020267598304111E8 2.98161565031076E9
2096-08-14_20:43:10 3.4548808811050326E8 1.0897680307801974E8 2.9793400632335043E9
2096-09-14_15:53:44 3.6118134252854E8 1.1587986311177044E8 2.97695660380125E9
2096-10-15_11:04:17 3.769444155322619E8 1.2282099022481166E8 2.974473120667345E9
2096-11-15_05:14:51 3.925997936807444E8 1.2971075862623845E8 2.9718855065334196E9
2096-12-16_00:25:25 4.0832200107142717E8 1.3662999649352524E8 2.969195426357443E9
2097-01-15_19:35:58 4.239468153971032E8 1.4351570169115424E8 2.9664147183621597E9
2097-01-15_19:35:59 6.668545561936264E8 2.5089439938595432E8 2.9087903692653637E9
