#time X Y Z
2014-07-31_06:16:17 -1.123905557548834E8 -4.872696467040393E7 8.980565949373296E7
2014-08-02_02:04:17 -1.0980412681591102E8 -4.760574822874672E7 9.347678140192412E7
2014-08-03_21:52:17 -1.071148489484518E8 -4.643997486620672E7 9.705744159328002E7
2014-08-05_17:40:17 -1.0432478127566305E8 -4.523051125820125E7 1.005458615265461E8
2014-08-07_13:28:17 -1.0143676648296908E8 -4.397855736630878E7 1.0393879534963436E8
2014-08-09_09:16:17 -9.845369098729928E7 -4.268533249004797E7 1.0723323785211009E8
2014-08-11_05:04:17 -9.53784173406604E7 -4.135205402900937E7 1.1042634940003632E8
2014-08-13_00:52:17 -9.2213702061462E7 -3.997991044963663E7 1.1351543151394644E8
2014-08-14_20:40:17 -8.89614839046132E7 -3.856975537124272E7 1.1649923947818911E8
2014-08-16_16:28:17 -8.562582726353131E7 -3.712338113597573E7 1.1937210926776299E8
2014-08-18_12:16:17 -8.220871530984555E7 -3.56416858021327E7 1.2213260213792841E8
2014-08-20_08:04:17 -7.871302471972972E7 -3.412595299232033E7 1.2477774889076015E8
2014-08-22_03:52:17 -7.514185671461411E7 -3.257755371899291E7 1.2730463527842559E8
2014-08-23_23:40:17 -7.149849094020748E7 -3.099792288362937E7 1.2971042213995874E8
2014-08-25_19:28:17 -6.778638300762656E7 -2.938856003220253E7 1.3199242439117032E8
2014-08-27_15:16:17 -6.4008451965893336E7 -2.775072342609385E7 1.3414931829648916E8
2014-08-29_11:04:17 -6.016982404580727E7 -2.6086621384871665E7 1.3617627404520604E8
2014-08-31_06:52:17 -5.6273647977562316E7 -2.439759853234038E7 1.380723627471467E8
2014-09-02_02:40:17 -5.232385408091733E7 -2.2685332256350055E7 1.3983562159707546E8
2014-09-03_22:28:17 -4.832441421589173E7 -2.095151286735671E7 1.414643422004107E8
2014-09-05_18:16:17 -4.427933431455127E7 -1.9197846250433616E7 1.4295702188054404E8
2014-09-07_14:04:17 -4.0192540923190646E7 -1.742601250553295E7 1.443123957459391E8
2014-09-09_09:52:17 -3.606783743395442E7 -1.5637654755523443E7 1.455293622803237E8
2014-09-11_05:40:17 -3.1908386900317162E7 -1.383415785006271E7 1.466079281115298E8
2014-09-13_01:28:17 -2.771885859637144E7 -1.2017576828298105E7 1.4754493974839193E8
2014-09-14_21:16:17 -2.3502309313497476E7 -1.0189276302049166E7 1.4834028929605955E8
2014-09-16_17:04:17 -1.926246391268768E7 -8350908.722337965 1.4899279216570982E8
2014-09-18_12:52:17 -1.5003269312647007E7 -6504212.713074984 1.4950128062527436E8
2014-09-20_08:40:17 -1.0728794562137408E7 -4650965.906657612 1.4986473349550465E8
2014-09-22_04:28:17 -6443243.387822671 -2792991.757299037 1.5008230967345974E8
2014-09-24_00:16:17 -2150541.530089896 -931983.1987858908 1.5015431425060892E8
2014-09-25_20:04:17 2144150.1933478317 929838.7965088827 1.5007840716114914E8
2014-09-27_15:52:17 6436784.618647953 2790741.9239145685 1.49855310151774E8
2014-09-29_11:40:17 1.0722900438910501E7 4648819.619376545 1.4948504231358203E8
2014-10-01_07:28:17 1.4997997600765327E7 6502152.255486967 1.4896788614998507E8
2014-10-03_03:16:17 1.925768487686084E7 8348865.976716028 1.4830437701220575E8
2014-10-04_23:04:17 2.3497664934397236E7 1.018711841196232E7 1.4749527429622343E8
2014-10-06_18:52:17 2.771397941811678E7 1.2015198270270333E7 1.465424513516056E8
2014-10-08_14:40:17 3.1902272700757217E7 1.383120310304851E7 1.454450564943143E8
2014-10-10_10:28:17 3.605894491522511E7 1.5633541884954525E7 1.442050439149521E8
2014-10-12_06:16:17 4.018022214298203E7 1.742053936891344E7 1.428233804777144E8
2014-10-14_02:04:17 4.426230410222013E7 1.9190510429489527E7 1.4130098514774922E8
2014-10-15_21:52:17 4.830121132830308E7 2.09417017505467E7 1.3963883987016582E8
2014-10-17_17:40:17 5.229290296311423E7 2.267234730060084E7 1.378380360135745E8
2014-10-19_13:28:17 5.623326323054613E7 2.438066142937222E7 1.3590089077673957E8
2014-10-21_09:16:17 6.011809234319874E7 2.606483275626382E7 1.3382687618676165E8
2014-10-23_05:04:17 6.394325214400345E7 2.7723084437058497E7 1.3161870869854082E8
2014-10-25_00:52:17 6.77045689012982E7 2.9353631032886557E7 1.2927832519565204E8
2014-10-26_19:40:17 7.139790559856266E7 3.0954707451463412E7 1.268078778174485E8
2014-10-28_15:28:17 7.493731444438241E7 3.2489084975370917E7 1.242706830660076E8
2014-10-30_11:16:17 7.848435319994895E7 3.402682934072349E7 1.21550520195017E8
2014-11-01_07:04:17 8.195172889088205E7 3.553011778762132E7 1.1870826027254374E8
2014-11-03_02:52:17 8.53359245954E7 3.699742924443123E7 1.1574694465181643E8
2014-11-04_22:40:17 8.86334592852261E7 3.842724029946842E7 1.1267091878265676E8
2014-11-06_18:28:17 9.184152395639643E7 3.981830311793449E7 1.094808168890045E8
2014-11-08_14:16:17 9.495698267472947E7 4.116922022585206E7 1.0618088784855136E8
2014-11-10_10:04:17 9.797687738987939E7 4.247867278734587E7 1.0277412112074913E8
2014-11-12_05:52:17 1.0089817956515175E8 4.3745320519468576E7 9.926351770272174E7
2014-11-14_01:40:17 1.0371783431379025E8 4.496782476752672E7 9.565216402561742E7
2014-11-15_21:28:17 1.064327631898302E8 4.614484919090393E7 9.194331272740845E7
2014-11-17_17:16:17 1.0903973709365131E8 4.727500276058475E7 8.814181830847128E7
2014-11-19_13:04:17 1.1153609481127782E8 4.8357148961495295E7 8.424845048171905E7
2014-11-21_08:52:17 1.1391873913241696E8 4.938996908181675E7 8.026841123126653E7
2014-11-23_04:40:17 1.1618482060379457E8 5.037225670800832E7 7.620570173355141E7
2014-11-25_00:28:17 1.1833160580711953E8 5.130285833921001E7 7.206451733186369E7
2014-11-26_20:16:17 1.2035656779966974E8 5.2180706778790146E7 6.784929740394363E7
2014-11-28_16:04:17 1.2225744205495605E8 5.300483829614471E7 6.356464664951993E7
2014-11-30_11:52:17 1.2403213892087343E8 5.3774348776847795E7 5.921689172096519E7
2014-12-02_07:40:17 1.256791711784954E8 5.448857762287484E7 5.4807468263569966E7
2014-12-04_03:28:17 1.2719695479169005E8 5.514680759939562E7 5.03425864959438E7
2014-12-05_23:16:17 1.285841694131203E8 5.574842920810663E7 4.582674511084572E7
2014-12-07_19:04:17 1.2983955909565687E8 5.6292863260818236E7 4.1264351430037536E7
2014-12-09_14:52:17 1.3096190970742479E8 5.6779558227720805E7 3.6659760318864405E7
2014-12-11_10:40:17 1.3194999679667246E8 5.720797083680313E7 3.201736383463363E7
2014-12-13_06:28:17 1.3280232557471676E8 5.757745238544971E7 2.7343353105041064E7
2014-12-15_02:16:17 1.3351870606765634E8 5.788792978829787E7 2.2638945011899382E7
2014-12-16_22:04:17 1.340971070461517E8 5.8138539325773E7 1.7910395592214882E7
2014-12-18_17:52:17 1.345369499591761E8 5.832905398440881E7 1.3162587691029789E7
2014-12-20_13:40:17 1.3483741808239695E8 5.845914831107025E7 8400462.124466069
2014-12-22_09:28:17 1.349978658874738E8 5.852857389648412E7 3629052.2103893473
2014-12-24_05:16:17 1.3501784778754547E8 5.853716516549853E7 -1146414.6204622216
2014-12-26_01:04:17 1.3489721854367423E8 5.8484875904678695E7 -5920623.513028974
2014-12-27_20:52:17 1.346364142595871E8 5.837189519539E7 -1.0686370084389502E7
2014-12-29_16:40:17 1.3423544787644958E8 5.819821083796572E7 -1.5442160459883181E7
2014-12-31_12:28:17 1.3369528757520196E8 5.7964210531367086E7 -2.018107893429354E7
2015-01-02_08:16:17 1.330168150847551E8 5.7670239116429545E7 -2.489826258971796E7
2015-01-04_04:04:17 1.3220099151403035E8 5.731667972974647E7 -2.9589067642291505E7
2015-01-05_23:52:17 1.3124881400051613E8 5.6903941660040036E7 -3.424890091723052E7
2015-01-07_19:40:17 1.3016130256649107E8 5.6432457459819086E7 -3.887324849418366E7
2015-01-09_15:28:17 1.2893996223951098E8 5.590288131523976E7 -4.345576854023684E7
2015-01-11_11:16:17 1.2758501198309469E8 5.531531873035026E7 -4.799561959329631E7
2015-01-13_07:04:17 1.2609808519847971E8 5.467049528347155E7 -5.2486406471976615E7
2015-01-15_02:52:17 1.2448050893783869E8 5.396900982183878E7 -5.6923527686805494E7
2015-01-16_22:40:17 1.2273371728941846E8 5.3211512065854415E7 -6.130240506230684E7
2015-01-18_18:28:17 1.2085929544904673E8 5.2398720055410035E7 -6.561836898267295E7
2015-01-20_14:16:17 1.1885900680885907E8 5.1531425305980235E7 -6.986670340452766E7
2015-01-22_10:04:17 1.167355047155826E8 5.061079410638305E7 -7.404095479357001E7
2015-01-24_05:52:17 1.1448991271669595E8 4.963731209798207E7 -7.813989092427215E7
2015-01-26_01:40:17 1.1212549263604961E8 4.861237377688437E7 -8.21572685714262E7
2015-01-27_21:28:17 1.0964512610523413E8 4.753719431711954E7 -8.608885209827833E7
2015-01-29_17:16:17 1.0705182186067963E8 4.641303929603186E7 -8.993070363269489E7
2015-01-31_13:04:17 1.0434857932376187E8 4.524117528588103E7 -9.367917033250433E7
2015-02-02_08:52:17 1.0153841258613117E8 4.40228872134116E7 -9.733073649731769E7
2015-02-04_04:40:17 9.862432145552033E7 4.275946824749541E7 -1.0088200880495813E8
2015-02-06_00:28:17 9.56100261693921E7 4.145253582260992E7 -1.0432821673903006E8
2015-02-07_20:16:17 9.249708939405029E7 4.010278036667189E7 -1.0766911515110987E8
2015-02-09_16:04:17 8.928928857618219E7 3.871185838966674E7 -1.1089997992391118E8
2015-02-11_11:52:17 8.598977278696208E7 3.7281158778122574E7 -1.1401765286869138E8
2015-02-13_07:40:17 8.260174442734113E7 3.581209743300717E7 -1.1701901029864109E8
2015-02-15_03:28:17 7.912851876810631E7 3.430614164287547E7 -1.1990095202220352E8
2015-02-16_23:16:17 7.557352874245118E7 3.276480604447415E7 -1.2266038687508363E8
2015-02-18_19:04:17 7.19411499750901E7 3.1190002990490075E7 -1.2529299723435059E8
2015-02-20_14:52:17 6.823376039131463E7 2.9582761371088114E7 -1.2779843270264529E8
2015-02-22_10:40:17 6.445624553873726E7 2.794517849055253E7 -1.3017265016833131E8
2015-02-24_06:28:17 6.061292827669765E7 2.6279092913513415E7 -1.3241323318763863E8
2015-02-26_02:16:17 5.670820047420961E7 2.4586368033866365E7 -1.345181517219331E8
2015-02-27_22:04:17 5.2746388760865204E7 2.286884457522449E7 -1.3648567066856456E8
2015-03-01_17:52:17 4.873172631449539E7 2.1128335884746443E7 -1.3831428349715886E8
2015-03-03_13:40:17 4.466903204216665E7 1.9366925077837072E7 -1.4000154715922534E8
2015-03-05_09:28:17 4.056102997978171E7 1.758579964214215E7 -1.4154841760848206E8
2015-03-07_05:16:17 3.641245561852281E7 1.5787028092675524E7 -1.4295260488377675E8
2015-03-09_01:04:17 3.222732053431804E7 1.3972370391964648E7 -1.4421301923059165E8
2015-03-10_20:52:17 2.80096437059714E7 1.2143593456277253E7 -1.4532865611140978E8
2015-03-12_16:40:17 2.3763476171633888E7 1.0302480708212627E7 -1.4629854289673933E8
2015-03-14_12:28:17 1.9492889374779772E7 8450826.393478712 -1.4712177624116376E8
2015-03-16_08:16:17 1.5202544362633787E7 6590676.706929733 -1.4779652499614507E8
2015-03-18_04:04:17 1.089560103045493E7 4723416.3322653435 -1.4832394419892353E8
2015-03-19_23:52:17 6577015.352021644 2851191.73030718 -1.4870236641561016E8
2015-03-21_19:40:17 2251364.13178438 975966.0767052169 -1.4893131951092762E8
2015-03-23_15:28:17 -2076648.5137655854 -900257.1404824508 -1.4901065696671712E8
2015-03-25_11:16:17 -6402273.676389028 -2775460.497899677 -1.4894058904136273E8
2015-03-27_07:04:17 -1.0720913231297003E7 -4647686.697100391 -1.4872166623490375E8
2015-03-29_03:52:17 -1.5028160466436803E7 -6515048.078177339 -1.4835467297995678E8
2015-03-30_23:40:17 -1.9417202827019617E7 -8417953.975829264 -1.4782630339047638E8
2015-04-01_19:28:17 -2.3688520939793896E7 -1.0269893340852002E7 -1.4716272485573328E8
2015-04-03_15:16:17 -2.7935965053729992E7 -1.211153758098988E7 -1.4635412047463855E8
2015-04-05_11:04:17 -3.215557719851458E7 -1.3941148365396895E7 -1.4540165167818722E8
2015-04-07_06:52:17 -3.634351567979312E7 -1.575703441965602E7 -1.4430652050546047E8
2015-04-09_02:40:17 -4.049597301872494E7 -1.755751787397779E7 -1.4306997696002567E8
2015-04-10_22:28:17 -4.460900415957733E7 -1.9340860266349997E7 -1.4169234963022164E8
2015-04-12_18:16:17 -4.867913661135452E7 -2.110553218662214E7 -1.4017684863735864E8
2015-04-14_14:04:17 -5.270233840093137E7 -2.2849772344698388E7 -1.3852389628804418E8
2015-04-16_09:52:17 -5.667469762888978E7 -2.4571887751113452E7 -1.3673496410234585E8
2015-04-18_05:40:17 -6.059213997393765E7 -2.627013310699557E7 -1.348117177077083E8
2015-04-20_01:28:17 -6.4450589381396405E7 -2.7942776866778627E7 -1.3275608294187635E8
2015-04-21_21:16:17 -6.824597665270217E7 -2.9588095754201658E7 -1.3057032230997892E8
2015-04-23_17:04:17 -7.197438952561434E7 -3.1204429451379675E7 -1.2825591416132464E8
2015-04-25_12:52:17 -7.563216952391046E7 -3.279021472041729E7 -1.2581777817522977E8
2015-04-27_08:40:17 -7.921586084659413E7 -3.434395948842465E7 -1.2325775410420941E8
2015-04-29_04:28:17 -8.272223241827492E7 -3.586425499963479E7 -1.2057878739761437E8
2015-05-01_00:16:17 -8.614819204266642E7 -3.7349742829656966E7 -1.1778381877492714E8
2015-05-02_20:04:17 -8.949076070761566E7 -3.879910815880072E7 -1.1487584947659197E8
2015-05-04_15:52:17 -9.274709870444255E7 -4.0211093379119314E7 -1.1185786827932368E8
2015-05-06_11:40:17 -9.591447654265687E7 -4.1584487802533664E7 -1.0873286403795013E8
2015-05-08_07:28:17 -9.899028518751302E7 -4.291813301522678E7 -1.0550254170550749E8
2015-05-10_03:16:17 -1.0197168069848217E8 -4.4210773877147794E7 -1.0217240997942227E8
2015-05-11_23:04:17 -1.048560724386909E8 -4.546127569549316E7 -9.874420229591726E7
2015-05-13_18:52:17 -1.076407263665317E8 -4.666845743172817E7 -9.52209682951928E7
2015-05-15_14:40:17 -1.1032286378419091E8 -4.7831135527620025E7 -9.160592820461892E7
2015-05-17_10:28:17 -1.1289971459555773E8 -4.894814391603661E7 -8.790250237957215E7
2015-05-19_06:16:17 -1.1536856883028205E8 -5.001834705558971E7 -8.411438507348837E7
2015-05-21_02:04:17 -1.1772698501464777E8 -5.1040720793653764E7 -8.024400261225717E7
2015-05-22_21:52:17 -1.1997245339126346E8 -5.201419862604202E7 -7.629844706557654E7
2015-05-24_17:40:17 -1.2210307482054955E8 -5.2937963028785214E7 -7.228043064571866E7
2015-05-26_13:28:17 -1.2411708105302359E8 -5.381123940605361E7 -6.819415470744099E7
2015-05-28_09:16:17 -1.2601286362616357E8 -5.4633312603730164E7 -6.404375378278566E7
2015-05-30_05:04:17 -1.2778898304310094E8 -5.540353482672955E7 -5.9833347956166886E7
2015-06-01_00:52:17 -1.2944412358277701E8 -5.612130904889824E7 -5.556701011594844E7
2015-06-02_20:40:17 -1.3097712100857277E8 -5.678610313285645E7 -5.1247066627771154E7
2015-06-04_16:28:17 -1.3238680077943736E8 -5.739738131167795E7 -4.6880832083915316E7
2015-06-06_12:16:17 -1.3367215078670979E8 -5.795468404292303E7 -4.247052804615071E7
2015-06-08_08:04:17 -1.348320998023114E8 -5.8457537632731564E7 -3.8020011669561565E7
2015-06-10_03:52:17 -1.3586552718571377E8 -5.890546266905219E7 -3.3533139204575986E7
2015-06-11_23:40:17 -1.3677129731137222E8 -5.9297989377727784E7 -2.9013905619965162E7
2015-06-13_19:28:17 -1.375483035171256E8 -5.963467271529302E7 -2.446646943428242E7
2015-06-15_15:16:17 -1.3819543754489195E8 -5.9915070335054405E7 -1.9893366308463648E7
2015-06-17_11:04:17 -1.387120429764682E8 -6.013892987321068E7 -1.53027734972752E7
2015-06-19_06:52:17 -1.390974612122213E8 -6.0305985047903694E7 -1.069753753487092E7
2015-06-21_02:40:17 -1.3935138818665722E8 -6.041610807104937E7 -6082337.349342916
2015-06-22_22:28:17 -1.3947376149666074E8 -6.046926299466039E7 -1461830.5208208333
2015-06-24_18:16:17 -1.3946472672928193E8 -6.04654948656909E7 3159463.7974040112
2015-06-26_14:04:17 -1.3932457991176492E8 -6.040490849640594E7 7777080.1665059365
2015-06-28_09:52:17 -1.3905374684191716E8 -6.028766192158528E7 1.2386643696094863E7
2015-06-30_05:40:17 -1.3865245829992926E8 -6.011382792458086E7 1.6985842225905344E7
2015-07-02_01:28:17 -1.3812194657299235E8 -5.988391469705411E7 2.1566703930436064E7
2015-07-03_21:16:17 -1.37462630193867E8 -5.95980841462388E7 2.612711916155215E7
2015-07-05_17:04:17 -1.3667519071612158E8 -5.925662428287207E7 3.0663154576270577E7
2015-07-07_12:52:17 -1.3576024448762342E8 -5.885981126942091E7 3.517095778167011E7
2015-07-09_08:40:17 -1.347183764220861E8 -5.8407923569610186E7 3.9646554998594746E7
2015-07-11_04:28:17 -1.3355020315205207E8 -5.790126466945426E7 4.408585377055566E7
2015-07-13_00:16:17 -1.3225598014068627E8 -5.733998340682336E7 4.8486450796896316E7
2015-07-14_20:04:17 -1.3083756893403141E8 -5.672491746635478E7 5.2840273247713156E7
2015-07-16_15:52:17 -1.292956750708242E8 -5.605638960174458E7 5.714476409115188E7
2015-07-18_11:40:17 -1.276317191570743E8 -5.533501719091302E7 6.1395519212458484E7
2015-07-20_07:28:17 -1.2584733917415452E8 -5.456149947914297E7 6.558828251361181E7
2015-07-22_03:16:17 -1.2394438892962201E8 -5.37366210950992E7 6.971886957013229E7
2015-07-23_23:04:17 -1.2192485705563985E8 -5.2861220532793514E7 7.378326650734109E7
2015-07-25_18:52:17 -1.197902332664187E8 -5.193591729797908E7 7.777934061392203E7
2015-07-25_18:52:18 -1.123905557548834E8 -4.872696467040393E7 8.980565949373296E7
